(kicad_pcb (version 20171130) (host pcbnew 5.0.0)

  (general
    (thickness 1.6)
    (drawings 25)
    (tracks 268)
    (zones 0)
    (modules 51)
    (nets 45)
  )

  (page A4)
  (layers
    (0 F.Cu signal)
    (31 B.Cu signal)
    (32 B.Adhes user)
    (33 F.Adhes user)
    (34 B.Paste user)
    (35 F.Paste user)
    (36 B.SilkS user)
    (37 F.SilkS user)
    (38 B.Mask user)
    (39 F.Mask user)
    (40 Dwgs.User user)
    (41 Cmts.User user)
    (42 Eco1.User user)
    (43 Eco2.User user)
    (44 Edge.Cuts user)
    (45 Margin user)
    (46 B.CrtYd user)
    (47 F.CrtYd user)
    (48 B.Fab user)
    (49 F.Fab user hide)
  )

  (setup
    (last_trace_width 0.3)
    (user_trace_width 0.2)
    (user_trace_width 0.3)
    (user_trace_width 0.4)
    (user_trace_width 0.5)
    (user_trace_width 0.6)
    (user_trace_width 0.8)
    (user_trace_width 1)
    (user_trace_width 1.2)
    (trace_clearance 0.2)
    (zone_clearance 0.254)
    (zone_45_only no)
    (trace_min 0.2)
    (segment_width 0.2)
    (edge_width 0.15)
    (via_size 0.8)
    (via_drill 0.4)
    (via_min_size 0.4)
    (via_min_drill 0.3)
    (uvia_size 0.3)
    (uvia_drill 0.1)
    (uvias_allowed no)
    (uvia_min_size 0.2)
    (uvia_min_drill 0.1)
    (pcb_text_width 0.3)
    (pcb_text_size 1.5 1.5)
    (mod_edge_width 0.15)
    (mod_text_size 0.6 0.6)
    (mod_text_width 0.1)
    (pad_size 3.2 3.2)
    (pad_drill 3.2)
    (pad_to_mask_clearance 0.2)
    (aux_axis_origin 0 0)
    (grid_origin 180.1495 72.009)
    (visible_elements FFFFFF7F)
    (pcbplotparams
      (layerselection 0x010fc_ffffffff)
      (usegerberextensions false)
      (usegerberattributes true)
      (usegerberadvancedattributes false)
      (creategerberjobfile false)
      (excludeedgelayer true)
      (linewidth 0.100000)
      (plotframeref false)
      (viasonmask false)
      (mode 1)
      (useauxorigin false)
      (hpglpennumber 1)
      (hpglpenspeed 20)
      (hpglpendiameter 15.000000)
      (psnegative false)
      (psa4output false)
      (plotreference true)
      (plotvalue true)
      (plotinvisibletext false)
      (padsonsilk false)
      (subtractmaskfromsilk false)
      (outputformat 1)
      (mirror false)
      (drillshape 0)
      (scaleselection 1)
      (outputdirectory ""))
  )

  (net 0 "")
  (net 1 GND)
  (net 2 +15V)
  (net 3 VCC)
  (net 4 "Net-(D3-Pad1)")
  (net 5 RX0_SDA)
  (net 6 TX0_SCL)
  (net 7 "Net-(D1-Pad2)")
  (net 8 TX1_ADC1)
  (net 9 RX1_ADC2)
  (net 10 "Net-(J1-Pad3)")
  (net 11 "Net-(J1-Pad2)")
  (net 12 "Net-(J2-Pad2)")
  (net 13 "Net-(J2-Pad3)")
  (net 14 +5V)
  (net 15 "Net-(D4-Pad1)")
  (net 16 RESET)
  (net 17 "Net-(C13-Pad1)")
  (net 18 ANT)
  (net 19 NSS)
  (net 20 "Net-(R13-Pad2)")
  (net 21 GPIO0)
  (net 22 MISO)
  (net 23 MOSI)
  (net 24 SCK)
  (net 25 "Net-(U3-Pad6)")
  (net 26 "Net-(U3-Pad7)")
  (net 27 "Net-(U3-Pad11)")
  (net 28 "Net-(U3-Pad12)")
  (net 29 GPIO4)
  (net 30 "Net-(U3-Pad15)")
  (net 31 "Net-(U3-Pad16)")
  (net 32 TXD_ESP)
  (net 33 RXD_ESP)
  (net 34 GPIO5)
  (net 35 "Net-(U4-Pad14)")
  (net 36 "Net-(U4-Pad13)")
  (net 37 "Net-(U4-Pad12)")
  (net 38 "Net-(U4-Pad11)")
  (net 39 "Net-(U4-Pad10)")
  (net 40 "Net-(U4-Pad9)")
  (net 41 "Net-(U4-Pad4)")
  (net 42 "Net-(U4-Pad2)")
  (net 43 "Net-(J2-Pad1)")
  (net 44 "Net-(AE1-Pad1)")

  (net_class Default "This is the default net class."
    (clearance 0.2)
    (trace_width 0.25)
    (via_dia 0.8)
    (via_drill 0.4)
    (uvia_dia 0.3)
    (uvia_drill 0.1)
    (add_net +15V)
    (add_net +5V)
    (add_net ANT)
    (add_net GND)
    (add_net GPIO0)
    (add_net GPIO4)
    (add_net GPIO5)
    (add_net MISO)
    (add_net MOSI)
    (add_net NSS)
    (add_net "Net-(AE1-Pad1)")
    (add_net "Net-(C13-Pad1)")
    (add_net "Net-(D1-Pad2)")
    (add_net "Net-(D3-Pad1)")
    (add_net "Net-(D4-Pad1)")
    (add_net "Net-(J1-Pad2)")
    (add_net "Net-(J1-Pad3)")
    (add_net "Net-(J2-Pad1)")
    (add_net "Net-(J2-Pad2)")
    (add_net "Net-(J2-Pad3)")
    (add_net "Net-(R13-Pad2)")
    (add_net "Net-(U3-Pad11)")
    (add_net "Net-(U3-Pad12)")
    (add_net "Net-(U3-Pad15)")
    (add_net "Net-(U3-Pad16)")
    (add_net "Net-(U3-Pad6)")
    (add_net "Net-(U3-Pad7)")
    (add_net "Net-(U4-Pad10)")
    (add_net "Net-(U4-Pad11)")
    (add_net "Net-(U4-Pad12)")
    (add_net "Net-(U4-Pad13)")
    (add_net "Net-(U4-Pad14)")
    (add_net "Net-(U4-Pad2)")
    (add_net "Net-(U4-Pad4)")
    (add_net "Net-(U4-Pad9)")
    (add_net RESET)
    (add_net RX0_SDA)
    (add_net RX1_ADC2)
    (add_net RXD_ESP)
    (add_net SCK)
    (add_net TX0_SCL)
    (add_net TX1_ADC1)
    (add_net TXD_ESP)
    (add_net VCC)
  )

  (module Capacitor_SMD:C_0603_1608Metric (layer F.Cu) (tedit 5B301BBE) (tstamp 5BB75A4D)
    (at 165.8195 56.485 270)
    (descr "Capacitor SMD 0603 (1608 Metric), square (rectangular) end terminal, IPC_7351 nominal, (Body size source: http://www.tortai-tech.com/upload/download/2011102023233369053.pdf), generated with kicad-footprint-generator")
    (tags capacitor)
    (path /5BA4E57B)
    (attr smd)
    (fp_text reference C1 (at -0.676 1.17 270) (layer F.SilkS)
      (effects (font (size 0.6 0.6) (thickness 0.1)))
    )
    (fp_text value 100n (at 0 1.43 270) (layer F.Fab)
      (effects (font (size 1 1) (thickness 0.15)))
    )
    (fp_line (start -0.8 0.4) (end -0.8 -0.4) (layer F.Fab) (width 0.1))
    (fp_line (start -0.8 -0.4) (end 0.8 -0.4) (layer F.Fab) (width 0.1))
    (fp_line (start 0.8 -0.4) (end 0.8 0.4) (layer F.Fab) (width 0.1))
    (fp_line (start 0.8 0.4) (end -0.8 0.4) (layer F.Fab) (width 0.1))
    (fp_line (start -0.162779 -0.51) (end 0.162779 -0.51) (layer F.SilkS) (width 0.12))
    (fp_line (start -0.162779 0.51) (end 0.162779 0.51) (layer F.SilkS) (width 0.12))
    (fp_line (start -1.48 0.73) (end -1.48 -0.73) (layer F.CrtYd) (width 0.05))
    (fp_line (start -1.48 -0.73) (end 1.48 -0.73) (layer F.CrtYd) (width 0.05))
    (fp_line (start 1.48 -0.73) (end 1.48 0.73) (layer F.CrtYd) (width 0.05))
    (fp_line (start 1.48 0.73) (end -1.48 0.73) (layer F.CrtYd) (width 0.05))
    (fp_text user %R (at 0 0 270) (layer F.Fab)
      (effects (font (size 0.4 0.4) (thickness 0.06)))
    )
    (pad 1 smd roundrect (at -0.7875 0 270) (size 0.875 0.95) (layers F.Cu F.Paste F.Mask) (roundrect_rratio 0.25)
      (net 16 RESET))
    (pad 2 smd roundrect (at 0.7875 0 270) (size 0.875 0.95) (layers F.Cu F.Paste F.Mask) (roundrect_rratio 0.25)
      (net 1 GND))
    (model ${KISYS3DMOD}/Capacitor_SMD.3dshapes/C_0603_1608Metric.wrl
      (at (xyz 0 0 0))
      (scale (xyz 1 1 1))
      (rotate (xyz 0 0 0))
    )
  )

  (module Capacitor_SMD:C_0603_1608Metric (layer F.Cu) (tedit 5B301BBE) (tstamp 5BB75A5D)
    (at 120.281 64.3255)
    (descr "Capacitor SMD 0603 (1608 Metric), square (rectangular) end terminal, IPC_7351 nominal, (Body size source: http://www.tortai-tech.com/upload/download/2011102023233369053.pdf), generated with kicad-footprint-generator")
    (tags capacitor)
    (path /5BA3823F)
    (attr smd)
    (fp_text reference C2 (at 0 1.1835) (layer F.SilkS)
      (effects (font (size 0.6 0.6) (thickness 0.1)))
    )
    (fp_text value 100n (at 0 1.43) (layer F.Fab)
      (effects (font (size 1 1) (thickness 0.15)))
    )
    (fp_text user %R (at 0 0) (layer F.Fab)
      (effects (font (size 0.4 0.4) (thickness 0.06)))
    )
    (fp_line (start 1.48 0.73) (end -1.48 0.73) (layer F.CrtYd) (width 0.05))
    (fp_line (start 1.48 -0.73) (end 1.48 0.73) (layer F.CrtYd) (width 0.05))
    (fp_line (start -1.48 -0.73) (end 1.48 -0.73) (layer F.CrtYd) (width 0.05))
    (fp_line (start -1.48 0.73) (end -1.48 -0.73) (layer F.CrtYd) (width 0.05))
    (fp_line (start -0.162779 0.51) (end 0.162779 0.51) (layer F.SilkS) (width 0.12))
    (fp_line (start -0.162779 -0.51) (end 0.162779 -0.51) (layer F.SilkS) (width 0.12))
    (fp_line (start 0.8 0.4) (end -0.8 0.4) (layer F.Fab) (width 0.1))
    (fp_line (start 0.8 -0.4) (end 0.8 0.4) (layer F.Fab) (width 0.1))
    (fp_line (start -0.8 -0.4) (end 0.8 -0.4) (layer F.Fab) (width 0.1))
    (fp_line (start -0.8 0.4) (end -0.8 -0.4) (layer F.Fab) (width 0.1))
    (pad 2 smd roundrect (at 0.7875 0) (size 0.875 0.95) (layers F.Cu F.Paste F.Mask) (roundrect_rratio 0.25)
      (net 1 GND))
    (pad 1 smd roundrect (at -0.7875 0) (size 0.875 0.95) (layers F.Cu F.Paste F.Mask) (roundrect_rratio 0.25)
      (net 14 +5V))
    (model ${KISYS3DMOD}/Capacitor_SMD.3dshapes/C_0603_1608Metric.wrl
      (at (xyz 0 0 0))
      (scale (xyz 1 1 1))
      (rotate (xyz 0 0 0))
    )
  )

  (module Capacitor_SMD:C_0603_1608Metric (layer F.Cu) (tedit 5B301BBE) (tstamp 5BB75A6D)
    (at 115.57 52.07 180)
    (descr "Capacitor SMD 0603 (1608 Metric), square (rectangular) end terminal, IPC_7351 nominal, (Body size source: http://www.tortai-tech.com/upload/download/2011102023233369053.pdf), generated with kicad-footprint-generator")
    (tags capacitor)
    (path /5BA382A2)
    (attr smd)
    (fp_text reference C3 (at -2.1795 -0.039 180) (layer F.SilkS)
      (effects (font (size 0.6 0.6) (thickness 0.1)))
    )
    (fp_text value 100n (at 0 1.43 180) (layer F.Fab)
      (effects (font (size 1 1) (thickness 0.15)))
    )
    (fp_line (start -0.8 0.4) (end -0.8 -0.4) (layer F.Fab) (width 0.1))
    (fp_line (start -0.8 -0.4) (end 0.8 -0.4) (layer F.Fab) (width 0.1))
    (fp_line (start 0.8 -0.4) (end 0.8 0.4) (layer F.Fab) (width 0.1))
    (fp_line (start 0.8 0.4) (end -0.8 0.4) (layer F.Fab) (width 0.1))
    (fp_line (start -0.162779 -0.51) (end 0.162779 -0.51) (layer F.SilkS) (width 0.12))
    (fp_line (start -0.162779 0.51) (end 0.162779 0.51) (layer F.SilkS) (width 0.12))
    (fp_line (start -1.48 0.73) (end -1.48 -0.73) (layer F.CrtYd) (width 0.05))
    (fp_line (start -1.48 -0.73) (end 1.48 -0.73) (layer F.CrtYd) (width 0.05))
    (fp_line (start 1.48 -0.73) (end 1.48 0.73) (layer F.CrtYd) (width 0.05))
    (fp_line (start 1.48 0.73) (end -1.48 0.73) (layer F.CrtYd) (width 0.05))
    (fp_text user %R (at 0 0 180) (layer F.Fab)
      (effects (font (size 0.4 0.4) (thickness 0.06)))
    )
    (pad 1 smd roundrect (at -0.7875 0 180) (size 0.875 0.95) (layers F.Cu F.Paste F.Mask) (roundrect_rratio 0.25)
      (net 3 VCC))
    (pad 2 smd roundrect (at 0.7875 0 180) (size 0.875 0.95) (layers F.Cu F.Paste F.Mask) (roundrect_rratio 0.25)
      (net 1 GND))
    (model ${KISYS3DMOD}/Capacitor_SMD.3dshapes/C_0603_1608Metric.wrl
      (at (xyz 0 0 0))
      (scale (xyz 1 1 1))
      (rotate (xyz 0 0 0))
    )
  )

  (module Capacitor_SMD:C_0805_2012Metric (layer F.Cu) (tedit 5B36C52B) (tstamp 5BB75A7D)
    (at 115.57 54.61 180)
    (descr "Capacitor SMD 0805 (2012 Metric), square (rectangular) end terminal, IPC_7351 nominal, (Body size source: https://docs.google.com/spreadsheets/d/1BsfQQcO9C6DZCsRaXUlFlo91Tg2WpOkGARC1WS5S8t0/edit?usp=sharing), generated with kicad-footprint-generator")
    (tags capacitor)
    (path /5BA3BF1E)
    (attr smd)
    (fp_text reference C4 (at -2.3295 -0.149 180) (layer F.SilkS)
      (effects (font (size 0.6 0.6) (thickness 0.1)))
    )
    (fp_text value 1u (at 0 1.65 180) (layer F.Fab)
      (effects (font (size 1 1) (thickness 0.15)))
    )
    (fp_line (start -1 0.6) (end -1 -0.6) (layer F.Fab) (width 0.1))
    (fp_line (start -1 -0.6) (end 1 -0.6) (layer F.Fab) (width 0.1))
    (fp_line (start 1 -0.6) (end 1 0.6) (layer F.Fab) (width 0.1))
    (fp_line (start 1 0.6) (end -1 0.6) (layer F.Fab) (width 0.1))
    (fp_line (start -0.258578 -0.71) (end 0.258578 -0.71) (layer F.SilkS) (width 0.12))
    (fp_line (start -0.258578 0.71) (end 0.258578 0.71) (layer F.SilkS) (width 0.12))
    (fp_line (start -1.68 0.95) (end -1.68 -0.95) (layer F.CrtYd) (width 0.05))
    (fp_line (start -1.68 -0.95) (end 1.68 -0.95) (layer F.CrtYd) (width 0.05))
    (fp_line (start 1.68 -0.95) (end 1.68 0.95) (layer F.CrtYd) (width 0.05))
    (fp_line (start 1.68 0.95) (end -1.68 0.95) (layer F.CrtYd) (width 0.05))
    (fp_text user %R (at 0 0 180) (layer F.Fab)
      (effects (font (size 0.5 0.5) (thickness 0.08)))
    )
    (pad 1 smd roundrect (at -0.9375 0 180) (size 0.975 1.4) (layers F.Cu F.Paste F.Mask) (roundrect_rratio 0.25)
      (net 3 VCC))
    (pad 2 smd roundrect (at 0.9375 0 180) (size 0.975 1.4) (layers F.Cu F.Paste F.Mask) (roundrect_rratio 0.25)
      (net 1 GND))
    (model ${KISYS3DMOD}/Capacitor_SMD.3dshapes/C_0805_2012Metric.wrl
      (at (xyz 0 0 0))
      (scale (xyz 1 1 1))
      (rotate (xyz 0 0 0))
    )
  )

  (module Capacitor_SMD:C_0603_1608Metric (layer F.Cu) (tedit 5B301BBE) (tstamp 5BB75A8D)
    (at 133.0325 79.759 270)
    (descr "Capacitor SMD 0603 (1608 Metric), square (rectangular) end terminal, IPC_7351 nominal, (Body size source: http://www.tortai-tech.com/upload/download/2011102023233369053.pdf), generated with kicad-footprint-generator")
    (tags capacitor)
    (path /5BA3F1C0)
    (attr smd)
    (fp_text reference C5 (at -2.0685 0.133) (layer F.SilkS)
      (effects (font (size 0.6 0.6) (thickness 0.1)))
    )
    (fp_text value 10n (at 0 1.43 270) (layer F.Fab)
      (effects (font (size 1 1) (thickness 0.15)))
    )
    (fp_text user %R (at 0 0 270) (layer F.Fab)
      (effects (font (size 0.4 0.4) (thickness 0.06)))
    )
    (fp_line (start 1.48 0.73) (end -1.48 0.73) (layer F.CrtYd) (width 0.05))
    (fp_line (start 1.48 -0.73) (end 1.48 0.73) (layer F.CrtYd) (width 0.05))
    (fp_line (start -1.48 -0.73) (end 1.48 -0.73) (layer F.CrtYd) (width 0.05))
    (fp_line (start -1.48 0.73) (end -1.48 -0.73) (layer F.CrtYd) (width 0.05))
    (fp_line (start -0.162779 0.51) (end 0.162779 0.51) (layer F.SilkS) (width 0.12))
    (fp_line (start -0.162779 -0.51) (end 0.162779 -0.51) (layer F.SilkS) (width 0.12))
    (fp_line (start 0.8 0.4) (end -0.8 0.4) (layer F.Fab) (width 0.1))
    (fp_line (start 0.8 -0.4) (end 0.8 0.4) (layer F.Fab) (width 0.1))
    (fp_line (start -0.8 -0.4) (end 0.8 -0.4) (layer F.Fab) (width 0.1))
    (fp_line (start -0.8 0.4) (end -0.8 -0.4) (layer F.Fab) (width 0.1))
    (pad 2 smd roundrect (at 0.7875 0 270) (size 0.875 0.95) (layers F.Cu F.Paste F.Mask) (roundrect_rratio 0.25)
      (net 1 GND))
    (pad 1 smd roundrect (at -0.7875 0 270) (size 0.875 0.95) (layers F.Cu F.Paste F.Mask) (roundrect_rratio 0.25)
      (net 6 TX0_SCL))
    (model ${KISYS3DMOD}/Capacitor_SMD.3dshapes/C_0603_1608Metric.wrl
      (at (xyz 0 0 0))
      (scale (xyz 1 1 1))
      (rotate (xyz 0 0 0))
    )
  )

  (module Capacitor_SMD:C_0603_1608Metric (layer F.Cu) (tedit 5B301BBE) (tstamp 5BB75A9D)
    (at 147.307 79.998 270)
    (descr "Capacitor SMD 0603 (1608 Metric), square (rectangular) end terminal, IPC_7351 nominal, (Body size source: http://www.tortai-tech.com/upload/download/2011102023233369053.pdf), generated with kicad-footprint-generator")
    (tags capacitor)
    (path /5BA3F287)
    (attr smd)
    (fp_text reference C6 (at -1.989 -0.0925) (layer F.SilkS)
      (effects (font (size 0.6 0.6) (thickness 0.1)))
    )
    (fp_text value 10n (at 0 1.43 270) (layer F.Fab)
      (effects (font (size 1 1) (thickness 0.15)))
    )
    (fp_line (start -0.8 0.4) (end -0.8 -0.4) (layer F.Fab) (width 0.1))
    (fp_line (start -0.8 -0.4) (end 0.8 -0.4) (layer F.Fab) (width 0.1))
    (fp_line (start 0.8 -0.4) (end 0.8 0.4) (layer F.Fab) (width 0.1))
    (fp_line (start 0.8 0.4) (end -0.8 0.4) (layer F.Fab) (width 0.1))
    (fp_line (start -0.162779 -0.51) (end 0.162779 -0.51) (layer F.SilkS) (width 0.12))
    (fp_line (start -0.162779 0.51) (end 0.162779 0.51) (layer F.SilkS) (width 0.12))
    (fp_line (start -1.48 0.73) (end -1.48 -0.73) (layer F.CrtYd) (width 0.05))
    (fp_line (start -1.48 -0.73) (end 1.48 -0.73) (layer F.CrtYd) (width 0.05))
    (fp_line (start 1.48 -0.73) (end 1.48 0.73) (layer F.CrtYd) (width 0.05))
    (fp_line (start 1.48 0.73) (end -1.48 0.73) (layer F.CrtYd) (width 0.05))
    (fp_text user %R (at 0 0 270) (layer F.Fab)
      (effects (font (size 0.4 0.4) (thickness 0.06)))
    )
    (pad 1 smd roundrect (at -0.7875 0 270) (size 0.875 0.95) (layers F.Cu F.Paste F.Mask) (roundrect_rratio 0.25)
      (net 8 TX1_ADC1))
    (pad 2 smd roundrect (at 0.7875 0 270) (size 0.875 0.95) (layers F.Cu F.Paste F.Mask) (roundrect_rratio 0.25)
      (net 1 GND))
    (model ${KISYS3DMOD}/Capacitor_SMD.3dshapes/C_0603_1608Metric.wrl
      (at (xyz 0 0 0))
      (scale (xyz 1 1 1))
      (rotate (xyz 0 0 0))
    )
  )

  (module Capacitor_SMD:C_0603_1608Metric (layer F.Cu) (tedit 5B301BBE) (tstamp 5BB75AAD)
    (at 138.75 79.759 270)
    (descr "Capacitor SMD 0603 (1608 Metric), square (rectangular) end terminal, IPC_7351 nominal, (Body size source: http://www.tortai-tech.com/upload/download/2011102023233369053.pdf), generated with kicad-footprint-generator")
    (tags capacitor)
    (path /5BA3F21E)
    (attr smd)
    (fp_text reference C7 (at -1.9295 -0.025) (layer F.SilkS)
      (effects (font (size 0.6 0.6) (thickness 0.1)))
    )
    (fp_text value 10n (at 0 1.43 270) (layer F.Fab)
      (effects (font (size 1 1) (thickness 0.15)))
    )
    (fp_text user %R (at 0 0 270) (layer F.Fab)
      (effects (font (size 0.4 0.4) (thickness 0.06)))
    )
    (fp_line (start 1.48 0.73) (end -1.48 0.73) (layer F.CrtYd) (width 0.05))
    (fp_line (start 1.48 -0.73) (end 1.48 0.73) (layer F.CrtYd) (width 0.05))
    (fp_line (start -1.48 -0.73) (end 1.48 -0.73) (layer F.CrtYd) (width 0.05))
    (fp_line (start -1.48 0.73) (end -1.48 -0.73) (layer F.CrtYd) (width 0.05))
    (fp_line (start -0.162779 0.51) (end 0.162779 0.51) (layer F.SilkS) (width 0.12))
    (fp_line (start -0.162779 -0.51) (end 0.162779 -0.51) (layer F.SilkS) (width 0.12))
    (fp_line (start 0.8 0.4) (end -0.8 0.4) (layer F.Fab) (width 0.1))
    (fp_line (start 0.8 -0.4) (end 0.8 0.4) (layer F.Fab) (width 0.1))
    (fp_line (start -0.8 -0.4) (end 0.8 -0.4) (layer F.Fab) (width 0.1))
    (fp_line (start -0.8 0.4) (end -0.8 -0.4) (layer F.Fab) (width 0.1))
    (pad 2 smd roundrect (at 0.7875 0 270) (size 0.875 0.95) (layers F.Cu F.Paste F.Mask) (roundrect_rratio 0.25)
      (net 1 GND))
    (pad 1 smd roundrect (at -0.7875 0 270) (size 0.875 0.95) (layers F.Cu F.Paste F.Mask) (roundrect_rratio 0.25)
      (net 5 RX0_SDA))
    (model ${KISYS3DMOD}/Capacitor_SMD.3dshapes/C_0603_1608Metric.wrl
      (at (xyz 0 0 0))
      (scale (xyz 1 1 1))
      (rotate (xyz 0 0 0))
    )
  )

  (module Capacitor_SMD:C_0603_1608Metric (layer F.Cu) (tedit 5B301BBE) (tstamp 5BB75ABD)
    (at 153.149 79.998 270)
    (descr "Capacitor SMD 0603 (1608 Metric), square (rectangular) end terminal, IPC_7351 nominal, (Body size source: http://www.tortai-tech.com/upload/download/2011102023233369053.pdf), generated with kicad-footprint-generator")
    (tags capacitor)
    (path /5BA3F2EB)
    (attr smd)
    (fp_text reference C8 (at -1.989 -0.0005) (layer F.SilkS)
      (effects (font (size 0.6 0.6) (thickness 0.1)))
    )
    (fp_text value 10n (at 0 1.43 270) (layer F.Fab)
      (effects (font (size 1 1) (thickness 0.15)))
    )
    (fp_line (start -0.8 0.4) (end -0.8 -0.4) (layer F.Fab) (width 0.1))
    (fp_line (start -0.8 -0.4) (end 0.8 -0.4) (layer F.Fab) (width 0.1))
    (fp_line (start 0.8 -0.4) (end 0.8 0.4) (layer F.Fab) (width 0.1))
    (fp_line (start 0.8 0.4) (end -0.8 0.4) (layer F.Fab) (width 0.1))
    (fp_line (start -0.162779 -0.51) (end 0.162779 -0.51) (layer F.SilkS) (width 0.12))
    (fp_line (start -0.162779 0.51) (end 0.162779 0.51) (layer F.SilkS) (width 0.12))
    (fp_line (start -1.48 0.73) (end -1.48 -0.73) (layer F.CrtYd) (width 0.05))
    (fp_line (start -1.48 -0.73) (end 1.48 -0.73) (layer F.CrtYd) (width 0.05))
    (fp_line (start 1.48 -0.73) (end 1.48 0.73) (layer F.CrtYd) (width 0.05))
    (fp_line (start 1.48 0.73) (end -1.48 0.73) (layer F.CrtYd) (width 0.05))
    (fp_text user %R (at 0 0 270) (layer F.Fab)
      (effects (font (size 0.4 0.4) (thickness 0.06)))
    )
    (pad 1 smd roundrect (at -0.7875 0 270) (size 0.875 0.95) (layers F.Cu F.Paste F.Mask) (roundrect_rratio 0.25)
      (net 9 RX1_ADC2))
    (pad 2 smd roundrect (at 0.7875 0 270) (size 0.875 0.95) (layers F.Cu F.Paste F.Mask) (roundrect_rratio 0.25)
      (net 1 GND))
    (model ${KISYS3DMOD}/Capacitor_SMD.3dshapes/C_0603_1608Metric.wrl
      (at (xyz 0 0 0))
      (scale (xyz 1 1 1))
      (rotate (xyz 0 0 0))
    )
  )

  (module Capacitor_SMD:CP_Elec_5x5.3 (layer F.Cu) (tedit 5B3026A2) (tstamp 5BB75ACD)
    (at 117.5385 84.201 180)
    (descr "SMT capacitor, aluminium electrolytic, 5x5.3, Nichicon ")
    (tags "Capacitor Electrolytic")
    (path /5BA3C822)
    (attr smd)
    (fp_text reference C9 (at -2.911 2.692 180) (layer F.SilkS)
      (effects (font (size 0.6 0.6) (thickness 0.1)))
    )
    (fp_text value 470u (at 0 -3.92 180) (layer F.Fab)
      (effects (font (size 1 1) (thickness 0.15)))
    )
    (fp_text user %R (at 0 0 180) (layer F.Fab)
      (effects (font (size 1 1) (thickness 0.15)))
    )
    (fp_line (start -3.95 1.05) (end -2.9 1.05) (layer F.CrtYd) (width 0.05))
    (fp_line (start -3.95 -1.05) (end -3.95 1.05) (layer F.CrtYd) (width 0.05))
    (fp_line (start -2.9 -1.05) (end -3.95 -1.05) (layer F.CrtYd) (width 0.05))
    (fp_line (start -2.9 1.05) (end -2.9 1.75) (layer F.CrtYd) (width 0.05))
    (fp_line (start -2.9 -1.75) (end -2.9 -1.05) (layer F.CrtYd) (width 0.05))
    (fp_line (start -2.9 -1.75) (end -1.75 -2.9) (layer F.CrtYd) (width 0.05))
    (fp_line (start -2.9 1.75) (end -1.75 2.9) (layer F.CrtYd) (width 0.05))
    (fp_line (start -1.75 -2.9) (end 2.9 -2.9) (layer F.CrtYd) (width 0.05))
    (fp_line (start -1.75 2.9) (end 2.9 2.9) (layer F.CrtYd) (width 0.05))
    (fp_line (start 2.9 1.05) (end 2.9 2.9) (layer F.CrtYd) (width 0.05))
    (fp_line (start 3.95 1.05) (end 2.9 1.05) (layer F.CrtYd) (width 0.05))
    (fp_line (start 3.95 -1.05) (end 3.95 1.05) (layer F.CrtYd) (width 0.05))
    (fp_line (start 2.9 -1.05) (end 3.95 -1.05) (layer F.CrtYd) (width 0.05))
    (fp_line (start 2.9 -2.9) (end 2.9 -1.05) (layer F.CrtYd) (width 0.05))
    (fp_line (start -3.3125 -1.9975) (end -3.3125 -1.3725) (layer F.SilkS) (width 0.12))
    (fp_line (start -3.625 -1.685) (end -3 -1.685) (layer F.SilkS) (width 0.12))
    (fp_line (start -2.76 1.695563) (end -1.695563 2.76) (layer F.SilkS) (width 0.12))
    (fp_line (start -2.76 -1.695563) (end -1.695563 -2.76) (layer F.SilkS) (width 0.12))
    (fp_line (start -2.76 -1.695563) (end -2.76 -1.06) (layer F.SilkS) (width 0.12))
    (fp_line (start -2.76 1.695563) (end -2.76 1.06) (layer F.SilkS) (width 0.12))
    (fp_line (start -1.695563 2.76) (end 2.76 2.76) (layer F.SilkS) (width 0.12))
    (fp_line (start -1.695563 -2.76) (end 2.76 -2.76) (layer F.SilkS) (width 0.12))
    (fp_line (start 2.76 -2.76) (end 2.76 -1.06) (layer F.SilkS) (width 0.12))
    (fp_line (start 2.76 2.76) (end 2.76 1.06) (layer F.SilkS) (width 0.12))
    (fp_line (start -1.783956 -1.45) (end -1.783956 -0.95) (layer F.Fab) (width 0.1))
    (fp_line (start -2.033956 -1.2) (end -1.533956 -1.2) (layer F.Fab) (width 0.1))
    (fp_line (start -2.65 1.65) (end -1.65 2.65) (layer F.Fab) (width 0.1))
    (fp_line (start -2.65 -1.65) (end -1.65 -2.65) (layer F.Fab) (width 0.1))
    (fp_line (start -2.65 -1.65) (end -2.65 1.65) (layer F.Fab) (width 0.1))
    (fp_line (start -1.65 2.65) (end 2.65 2.65) (layer F.Fab) (width 0.1))
    (fp_line (start -1.65 -2.65) (end 2.65 -2.65) (layer F.Fab) (width 0.1))
    (fp_line (start 2.65 -2.65) (end 2.65 2.65) (layer F.Fab) (width 0.1))
    (fp_circle (center 0 0) (end 2.5 0) (layer F.Fab) (width 0.1))
    (pad 2 smd rect (at 2.2 0 180) (size 3 1.6) (layers F.Cu F.Paste F.Mask)
      (net 1 GND))
    (pad 1 smd rect (at -2.2 0 180) (size 3 1.6) (layers F.Cu F.Paste F.Mask)
      (net 2 +15V))
    (model ${KISYS3DMOD}/Capacitor_SMD.3dshapes/CP_Elec_5x5.3.wrl
      (at (xyz 0 0 0))
      (scale (xyz 1 1 1))
      (rotate (xyz 0 0 0))
    )
  )

  (module Capacitor_SMD:C_0603_1608Metric (layer F.Cu) (tedit 5B301BBE) (tstamp 5BB75AF4)
    (at 123.075 82.1055)
    (descr "Capacitor SMD 0603 (1608 Metric), square (rectangular) end terminal, IPC_7351 nominal, (Body size source: http://www.tortai-tech.com/upload/download/2011102023233369053.pdf), generated with kicad-footprint-generator")
    (tags capacitor)
    (path /5BA3B7B8)
    (attr smd)
    (fp_text reference C10 (at -0.4255 -1.2965) (layer F.SilkS)
      (effects (font (size 0.6 0.6) (thickness 0.1)))
    )
    (fp_text value 100n (at 0 1.43) (layer F.Fab)
      (effects (font (size 1 1) (thickness 0.15)))
    )
    (fp_text user %R (at 0 0) (layer F.Fab)
      (effects (font (size 0.4 0.4) (thickness 0.06)))
    )
    (fp_line (start 1.48 0.73) (end -1.48 0.73) (layer F.CrtYd) (width 0.05))
    (fp_line (start 1.48 -0.73) (end 1.48 0.73) (layer F.CrtYd) (width 0.05))
    (fp_line (start -1.48 -0.73) (end 1.48 -0.73) (layer F.CrtYd) (width 0.05))
    (fp_line (start -1.48 0.73) (end -1.48 -0.73) (layer F.CrtYd) (width 0.05))
    (fp_line (start -0.162779 0.51) (end 0.162779 0.51) (layer F.SilkS) (width 0.12))
    (fp_line (start -0.162779 -0.51) (end 0.162779 -0.51) (layer F.SilkS) (width 0.12))
    (fp_line (start 0.8 0.4) (end -0.8 0.4) (layer F.Fab) (width 0.1))
    (fp_line (start 0.8 -0.4) (end 0.8 0.4) (layer F.Fab) (width 0.1))
    (fp_line (start -0.8 -0.4) (end 0.8 -0.4) (layer F.Fab) (width 0.1))
    (fp_line (start -0.8 0.4) (end -0.8 -0.4) (layer F.Fab) (width 0.1))
    (pad 2 smd roundrect (at 0.7875 0) (size 0.875 0.95) (layers F.Cu F.Paste F.Mask) (roundrect_rratio 0.25)
      (net 1 GND))
    (pad 1 smd roundrect (at -0.7875 0) (size 0.875 0.95) (layers F.Cu F.Paste F.Mask) (roundrect_rratio 0.25)
      (net 2 +15V))
    (model ${KISYS3DMOD}/Capacitor_SMD.3dshapes/C_0603_1608Metric.wrl
      (at (xyz 0 0 0))
      (scale (xyz 1 1 1))
      (rotate (xyz 0 0 0))
    )
  )

  (module Capacitor_SMD:C_0603_1608Metric (layer F.Cu) (tedit 5B301BBE) (tstamp 5BB75B04)
    (at 124.575 68.834 180)
    (descr "Capacitor SMD 0603 (1608 Metric), square (rectangular) end terminal, IPC_7351 nominal, (Body size source: http://www.tortai-tech.com/upload/download/2011102023233369053.pdf), generated with kicad-footprint-generator")
    (tags capacitor)
    (path /5BA3EBE8)
    (attr smd)
    (fp_text reference C11 (at 0.0255 1.225 180) (layer F.SilkS)
      (effects (font (size 0.6 0.6) (thickness 0.1)))
    )
    (fp_text value 100n (at 0 1.43 180) (layer F.Fab)
      (effects (font (size 1 1) (thickness 0.15)))
    )
    (fp_text user %R (at 0 0 180) (layer F.Fab)
      (effects (font (size 0.4 0.4) (thickness 0.06)))
    )
    (fp_line (start 1.48 0.73) (end -1.48 0.73) (layer F.CrtYd) (width 0.05))
    (fp_line (start 1.48 -0.73) (end 1.48 0.73) (layer F.CrtYd) (width 0.05))
    (fp_line (start -1.48 -0.73) (end 1.48 -0.73) (layer F.CrtYd) (width 0.05))
    (fp_line (start -1.48 0.73) (end -1.48 -0.73) (layer F.CrtYd) (width 0.05))
    (fp_line (start -0.162779 0.51) (end 0.162779 0.51) (layer F.SilkS) (width 0.12))
    (fp_line (start -0.162779 -0.51) (end 0.162779 -0.51) (layer F.SilkS) (width 0.12))
    (fp_line (start 0.8 0.4) (end -0.8 0.4) (layer F.Fab) (width 0.1))
    (fp_line (start 0.8 -0.4) (end 0.8 0.4) (layer F.Fab) (width 0.1))
    (fp_line (start -0.8 -0.4) (end 0.8 -0.4) (layer F.Fab) (width 0.1))
    (fp_line (start -0.8 0.4) (end -0.8 -0.4) (layer F.Fab) (width 0.1))
    (pad 2 smd roundrect (at 0.7875 0 180) (size 0.875 0.95) (layers F.Cu F.Paste F.Mask) (roundrect_rratio 0.25)
      (net 1 GND))
    (pad 1 smd roundrect (at -0.7875 0 180) (size 0.875 0.95) (layers F.Cu F.Paste F.Mask) (roundrect_rratio 0.25)
      (net 14 +5V))
    (model ${KISYS3DMOD}/Capacitor_SMD.3dshapes/C_0603_1608Metric.wrl
      (at (xyz 0 0 0))
      (scale (xyz 1 1 1))
      (rotate (xyz 0 0 0))
    )
  )

  (module Capacitor_SMD:CP_Elec_5x5.3 (layer F.Cu) (tedit 5B3026A2) (tstamp 5BB75B14)
    (at 114.6175 66.421 180)
    (descr "SMT capacitor, aluminium electrolytic, 5x5.3, Nichicon ")
    (tags "Capacitor Electrolytic")
    (path /5BA3EBFB)
    (attr smd)
    (fp_text reference C12 (at 0 1.412 180) (layer F.SilkS)
      (effects (font (size 0.6 0.6) (thickness 0.1)))
    )
    (fp_text value 470u (at 0 -3.92 180) (layer F.Fab)
      (effects (font (size 1 1) (thickness 0.15)))
    )
    (fp_circle (center 0 0) (end 2.5 0) (layer F.Fab) (width 0.1))
    (fp_line (start 2.65 -2.65) (end 2.65 2.65) (layer F.Fab) (width 0.1))
    (fp_line (start -1.65 -2.65) (end 2.65 -2.65) (layer F.Fab) (width 0.1))
    (fp_line (start -1.65 2.65) (end 2.65 2.65) (layer F.Fab) (width 0.1))
    (fp_line (start -2.65 -1.65) (end -2.65 1.65) (layer F.Fab) (width 0.1))
    (fp_line (start -2.65 -1.65) (end -1.65 -2.65) (layer F.Fab) (width 0.1))
    (fp_line (start -2.65 1.65) (end -1.65 2.65) (layer F.Fab) (width 0.1))
    (fp_line (start -2.033956 -1.2) (end -1.533956 -1.2) (layer F.Fab) (width 0.1))
    (fp_line (start -1.783956 -1.45) (end -1.783956 -0.95) (layer F.Fab) (width 0.1))
    (fp_line (start 2.76 2.76) (end 2.76 1.06) (layer F.SilkS) (width 0.12))
    (fp_line (start 2.76 -2.76) (end 2.76 -1.06) (layer F.SilkS) (width 0.12))
    (fp_line (start -1.695563 -2.76) (end 2.76 -2.76) (layer F.SilkS) (width 0.12))
    (fp_line (start -1.695563 2.76) (end 2.76 2.76) (layer F.SilkS) (width 0.12))
    (fp_line (start -2.76 1.695563) (end -2.76 1.06) (layer F.SilkS) (width 0.12))
    (fp_line (start -2.76 -1.695563) (end -2.76 -1.06) (layer F.SilkS) (width 0.12))
    (fp_line (start -2.76 -1.695563) (end -1.695563 -2.76) (layer F.SilkS) (width 0.12))
    (fp_line (start -2.76 1.695563) (end -1.695563 2.76) (layer F.SilkS) (width 0.12))
    (fp_line (start -3.625 -1.685) (end -3 -1.685) (layer F.SilkS) (width 0.12))
    (fp_line (start -3.3125 -1.9975) (end -3.3125 -1.3725) (layer F.SilkS) (width 0.12))
    (fp_line (start 2.9 -2.9) (end 2.9 -1.05) (layer F.CrtYd) (width 0.05))
    (fp_line (start 2.9 -1.05) (end 3.95 -1.05) (layer F.CrtYd) (width 0.05))
    (fp_line (start 3.95 -1.05) (end 3.95 1.05) (layer F.CrtYd) (width 0.05))
    (fp_line (start 3.95 1.05) (end 2.9 1.05) (layer F.CrtYd) (width 0.05))
    (fp_line (start 2.9 1.05) (end 2.9 2.9) (layer F.CrtYd) (width 0.05))
    (fp_line (start -1.75 2.9) (end 2.9 2.9) (layer F.CrtYd) (width 0.05))
    (fp_line (start -1.75 -2.9) (end 2.9 -2.9) (layer F.CrtYd) (width 0.05))
    (fp_line (start -2.9 1.75) (end -1.75 2.9) (layer F.CrtYd) (width 0.05))
    (fp_line (start -2.9 -1.75) (end -1.75 -2.9) (layer F.CrtYd) (width 0.05))
    (fp_line (start -2.9 -1.75) (end -2.9 -1.05) (layer F.CrtYd) (width 0.05))
    (fp_line (start -2.9 1.05) (end -2.9 1.75) (layer F.CrtYd) (width 0.05))
    (fp_line (start -2.9 -1.05) (end -3.95 -1.05) (layer F.CrtYd) (width 0.05))
    (fp_line (start -3.95 -1.05) (end -3.95 1.05) (layer F.CrtYd) (width 0.05))
    (fp_line (start -3.95 1.05) (end -2.9 1.05) (layer F.CrtYd) (width 0.05))
    (fp_text user %R (at 0 0 180) (layer F.Fab)
      (effects (font (size 1 1) (thickness 0.15)))
    )
    (pad 1 smd rect (at -2.2 0 180) (size 3 1.6) (layers F.Cu F.Paste F.Mask)
      (net 14 +5V))
    (pad 2 smd rect (at 2.2 0 180) (size 3 1.6) (layers F.Cu F.Paste F.Mask)
      (net 1 GND))
    (model ${KISYS3DMOD}/Capacitor_SMD.3dshapes/CP_Elec_5x5.3.wrl
      (at (xyz 0 0 0))
      (scale (xyz 1 1 1))
      (rotate (xyz 0 0 0))
    )
  )

  (module Capacitor_SMD:C_0603_1608Metric (layer F.Cu) (tedit 5B301BBE) (tstamp 5BB75B3B)
    (at 168.294 54.7425 90)
    (descr "Capacitor SMD 0603 (1608 Metric), square (rectangular) end terminal, IPC_7351 nominal, (Body size source: http://www.tortai-tech.com/upload/download/2011102023233369053.pdf), generated with kicad-footprint-generator")
    (tags capacitor)
    (path /5BA6DCAF)
    (attr smd)
    (fp_text reference C13 (at 0 1.2555 90) (layer F.SilkS)
      (effects (font (size 0.6 0.6) (thickness 0.1)))
    )
    (fp_text value 100n (at 0 1.43 90) (layer F.Fab)
      (effects (font (size 1 1) (thickness 0.15)))
    )
    (fp_line (start -0.8 0.4) (end -0.8 -0.4) (layer F.Fab) (width 0.1))
    (fp_line (start -0.8 -0.4) (end 0.8 -0.4) (layer F.Fab) (width 0.1))
    (fp_line (start 0.8 -0.4) (end 0.8 0.4) (layer F.Fab) (width 0.1))
    (fp_line (start 0.8 0.4) (end -0.8 0.4) (layer F.Fab) (width 0.1))
    (fp_line (start -0.162779 -0.51) (end 0.162779 -0.51) (layer F.SilkS) (width 0.12))
    (fp_line (start -0.162779 0.51) (end 0.162779 0.51) (layer F.SilkS) (width 0.12))
    (fp_line (start -1.48 0.73) (end -1.48 -0.73) (layer F.CrtYd) (width 0.05))
    (fp_line (start -1.48 -0.73) (end 1.48 -0.73) (layer F.CrtYd) (width 0.05))
    (fp_line (start 1.48 -0.73) (end 1.48 0.73) (layer F.CrtYd) (width 0.05))
    (fp_line (start 1.48 0.73) (end -1.48 0.73) (layer F.CrtYd) (width 0.05))
    (fp_text user %R (at 0 0 90) (layer F.Fab)
      (effects (font (size 0.4 0.4) (thickness 0.06)))
    )
    (pad 1 smd roundrect (at -0.7875 0 90) (size 0.875 0.95) (layers F.Cu F.Paste F.Mask) (roundrect_rratio 0.25)
      (net 17 "Net-(C13-Pad1)"))
    (pad 2 smd roundrect (at 0.7875 0 90) (size 0.875 0.95) (layers F.Cu F.Paste F.Mask) (roundrect_rratio 0.25)
      (net 1 GND))
    (model ${KISYS3DMOD}/Capacitor_SMD.3dshapes/C_0603_1608Metric.wrl
      (at (xyz 0 0 0))
      (scale (xyz 1 1 1))
      (rotate (xyz 0 0 0))
    )
  )

  (module Diode_SMD:D_SMA (layer F.Cu) (tedit 586432E5) (tstamp 5BB75B4B)
    (at 125.254 85.1535)
    (descr "Diode SMA (DO-214AC)")
    (tags "Diode SMA (DO-214AC)")
    (path /5BA37747)
    (attr smd)
    (fp_text reference D1 (at 0 2.3555) (layer F.SilkS)
      (effects (font (size 0.6 0.6) (thickness 0.1)))
    )
    (fp_text value 1N4001 (at 0 2.6) (layer F.Fab)
      (effects (font (size 1 1) (thickness 0.15)))
    )
    (fp_text user %R (at 0 -2.5) (layer F.Fab)
      (effects (font (size 1 1) (thickness 0.15)))
    )
    (fp_line (start -3.4 -1.65) (end -3.4 1.65) (layer F.SilkS) (width 0.12))
    (fp_line (start 2.3 1.5) (end -2.3 1.5) (layer F.Fab) (width 0.1))
    (fp_line (start -2.3 1.5) (end -2.3 -1.5) (layer F.Fab) (width 0.1))
    (fp_line (start 2.3 -1.5) (end 2.3 1.5) (layer F.Fab) (width 0.1))
    (fp_line (start 2.3 -1.5) (end -2.3 -1.5) (layer F.Fab) (width 0.1))
    (fp_line (start -3.5 -1.75) (end 3.5 -1.75) (layer F.CrtYd) (width 0.05))
    (fp_line (start 3.5 -1.75) (end 3.5 1.75) (layer F.CrtYd) (width 0.05))
    (fp_line (start 3.5 1.75) (end -3.5 1.75) (layer F.CrtYd) (width 0.05))
    (fp_line (start -3.5 1.75) (end -3.5 -1.75) (layer F.CrtYd) (width 0.05))
    (fp_line (start -0.64944 0.00102) (end -1.55114 0.00102) (layer F.Fab) (width 0.1))
    (fp_line (start 0.50118 0.00102) (end 1.4994 0.00102) (layer F.Fab) (width 0.1))
    (fp_line (start -0.64944 -0.79908) (end -0.64944 0.80112) (layer F.Fab) (width 0.1))
    (fp_line (start 0.50118 0.75032) (end 0.50118 -0.79908) (layer F.Fab) (width 0.1))
    (fp_line (start -0.64944 0.00102) (end 0.50118 0.75032) (layer F.Fab) (width 0.1))
    (fp_line (start -0.64944 0.00102) (end 0.50118 -0.79908) (layer F.Fab) (width 0.1))
    (fp_line (start -3.4 1.65) (end 2 1.65) (layer F.SilkS) (width 0.12))
    (fp_line (start -3.4 -1.65) (end 2 -1.65) (layer F.SilkS) (width 0.12))
    (pad 1 smd rect (at -2 0) (size 2.5 1.8) (layers F.Cu F.Paste F.Mask)
      (net 2 +15V))
    (pad 2 smd rect (at 2 0) (size 2.5 1.8) (layers F.Cu F.Paste F.Mask)
      (net 7 "Net-(D1-Pad2)"))
    (model ${KISYS3DMOD}/Diode_SMD.3dshapes/D_SMA.wrl
      (at (xyz 0 0 0))
      (scale (xyz 1 1 1))
      (rotate (xyz 0 0 0))
    )
  )

  (module LED_SMD:LED_0805_2012Metric (layer F.Cu) (tedit 5B36C52C) (tstamp 5BB75B62)
    (at 109.474 60.749 90)
    (descr "LED SMD 0805 (2012 Metric), square (rectangular) end terminal, IPC_7351 nominal, (Body size source: https://docs.google.com/spreadsheets/d/1BsfQQcO9C6DZCsRaXUlFlo91Tg2WpOkGARC1WS5S8t0/edit?usp=sharing), generated with kicad-footprint-generator")
    (tags diode)
    (path /5BA391B4)
    (attr smd)
    (fp_text reference D3 (at 0 -1.65 90) (layer F.SilkS)
      (effects (font (size 0.6 0.6) (thickness 0.1)))
    )
    (fp_text value LED (at 0 1.65 90) (layer F.Fab)
      (effects (font (size 1 1) (thickness 0.15)))
    )
    (fp_line (start 1 -0.6) (end -0.7 -0.6) (layer F.Fab) (width 0.1))
    (fp_line (start -0.7 -0.6) (end -1 -0.3) (layer F.Fab) (width 0.1))
    (fp_line (start -1 -0.3) (end -1 0.6) (layer F.Fab) (width 0.1))
    (fp_line (start -1 0.6) (end 1 0.6) (layer F.Fab) (width 0.1))
    (fp_line (start 1 0.6) (end 1 -0.6) (layer F.Fab) (width 0.1))
    (fp_line (start 1 -0.96) (end -1.685 -0.96) (layer F.SilkS) (width 0.12))
    (fp_line (start -1.685 -0.96) (end -1.685 0.96) (layer F.SilkS) (width 0.12))
    (fp_line (start -1.685 0.96) (end 1 0.96) (layer F.SilkS) (width 0.12))
    (fp_line (start -1.68 0.95) (end -1.68 -0.95) (layer F.CrtYd) (width 0.05))
    (fp_line (start -1.68 -0.95) (end 1.68 -0.95) (layer F.CrtYd) (width 0.05))
    (fp_line (start 1.68 -0.95) (end 1.68 0.95) (layer F.CrtYd) (width 0.05))
    (fp_line (start 1.68 0.95) (end -1.68 0.95) (layer F.CrtYd) (width 0.05))
    (fp_text user %R (at 0 0 90) (layer F.Fab)
      (effects (font (size 0.5 0.5) (thickness 0.08)))
    )
    (pad 1 smd roundrect (at -0.9375 0 90) (size 0.975 1.4) (layers F.Cu F.Paste F.Mask) (roundrect_rratio 0.25)
      (net 4 "Net-(D3-Pad1)"))
    (pad 2 smd roundrect (at 0.9375 0 90) (size 0.975 1.4) (layers F.Cu F.Paste F.Mask) (roundrect_rratio 0.25)
      (net 3 VCC))
    (model ${KISYS3DMOD}/LED_SMD.3dshapes/LED_0805_2012Metric.wrl
      (at (xyz 0 0 0))
      (scale (xyz 1 1 1))
      (rotate (xyz 0 0 0))
    )
  )

  (module Diode_SMD:D_SMA (layer F.Cu) (tedit 586432E5) (tstamp 5BB75B74)
    (at 126.365 79.661 270)
    (descr "Diode SMA (DO-214AC)")
    (tags "Diode SMA (DO-214AC)")
    (path /5BA3DAF0)
    (attr smd)
    (fp_text reference D4 (at 0 -2.2845 270) (layer F.SilkS)
      (effects (font (size 0.6 0.6) (thickness 0.1)))
    )
    (fp_text value 1N5822 (at 0 2.6 270) (layer F.Fab)
      (effects (font (size 1 1) (thickness 0.15)))
    )
    (fp_line (start -3.4 -1.65) (end 2 -1.65) (layer F.SilkS) (width 0.12))
    (fp_line (start -3.4 1.65) (end 2 1.65) (layer F.SilkS) (width 0.12))
    (fp_line (start -0.64944 0.00102) (end 0.50118 -0.79908) (layer F.Fab) (width 0.1))
    (fp_line (start -0.64944 0.00102) (end 0.50118 0.75032) (layer F.Fab) (width 0.1))
    (fp_line (start 0.50118 0.75032) (end 0.50118 -0.79908) (layer F.Fab) (width 0.1))
    (fp_line (start -0.64944 -0.79908) (end -0.64944 0.80112) (layer F.Fab) (width 0.1))
    (fp_line (start 0.50118 0.00102) (end 1.4994 0.00102) (layer F.Fab) (width 0.1))
    (fp_line (start -0.64944 0.00102) (end -1.55114 0.00102) (layer F.Fab) (width 0.1))
    (fp_line (start -3.5 1.75) (end -3.5 -1.75) (layer F.CrtYd) (width 0.05))
    (fp_line (start 3.5 1.75) (end -3.5 1.75) (layer F.CrtYd) (width 0.05))
    (fp_line (start 3.5 -1.75) (end 3.5 1.75) (layer F.CrtYd) (width 0.05))
    (fp_line (start -3.5 -1.75) (end 3.5 -1.75) (layer F.CrtYd) (width 0.05))
    (fp_line (start 2.3 -1.5) (end -2.3 -1.5) (layer F.Fab) (width 0.1))
    (fp_line (start 2.3 -1.5) (end 2.3 1.5) (layer F.Fab) (width 0.1))
    (fp_line (start -2.3 1.5) (end -2.3 -1.5) (layer F.Fab) (width 0.1))
    (fp_line (start 2.3 1.5) (end -2.3 1.5) (layer F.Fab) (width 0.1))
    (fp_line (start -3.4 -1.65) (end -3.4 1.65) (layer F.SilkS) (width 0.12))
    (fp_text user %R (at 0 -2.5 270) (layer F.Fab)
      (effects (font (size 1 1) (thickness 0.15)))
    )
    (pad 2 smd rect (at 2 0 270) (size 2.5 1.8) (layers F.Cu F.Paste F.Mask)
      (net 1 GND))
    (pad 1 smd rect (at -2 0 270) (size 2.5 1.8) (layers F.Cu F.Paste F.Mask)
      (net 15 "Net-(D4-Pad1)"))
    (model ${KISYS3DMOD}/Diode_SMD.3dshapes/D_SMA.wrl
      (at (xyz 0 0 0))
      (scale (xyz 1 1 1))
      (rotate (xyz 0 0 0))
    )
  )

  (module Connector_JST:JST_XH_B04B-XH-A_1x04_P2.50mm_Vertical (layer F.Cu) (tedit 5A2731AA) (tstamp 5BB75B8B)
    (at 132.1492 84.4804)
    (descr "JST XH series connector, B04B-XH-A (http://www.jst-mfg.com/product/pdf/eng/eXH.pdf), generated with kicad-footprint-generator")
