(kicad_pcb (version 20171130) (host pcbnew 5.0.0)

  (general
    (thickness 1.6)
    (drawings 28)
    (tracks 442)
    (zones 0)
    (modules 63)
    (nets 68)
  )

  (page A4)
  (layers
    (0 F.Cu signal)
    (31 B.Cu signal)
    (32 B.Adhes user)
    (33 F.Adhes user)
    (34 B.Paste user)
    (35 F.Paste user)
    (36 B.SilkS user)
    (37 F.SilkS user)
    (38 B.Mask user)
    (39 F.Mask user)
    (40 Dwgs.User user)
    (41 Cmts.User user)
    (42 Eco1.User user)
    (43 Eco2.User user)
    (44 Edge.Cuts user)
    (45 Margin user)
    (46 B.CrtYd user)
    (47 F.CrtYd user)
    (48 B.Fab user)
    (49 F.Fab user hide)
  )

  (setup
    (last_trace_width 0.25)
    (user_trace_width 0.2)
    (user_trace_width 0.3)
    (user_trace_width 0.4)
    (user_trace_width 0.5)
    (user_trace_width 0.6)
    (user_trace_width 0.8)
    (user_trace_width 1)
    (user_trace_width 1.2)
    (trace_clearance 0.2)
    (zone_clearance 0.254)
    (zone_45_only no)
    (trace_min 0.2)
    (segment_width 0.2)
    (edge_width 0.15)
    (via_size 0.8)
    (via_drill 0.4)
    (via_min_size 0.4)
    (via_min_drill 0.3)
    (uvia_size 0.3)
    (uvia_drill 0.1)
    (uvias_allowed no)
    (uvia_min_size 0.2)
    (uvia_min_drill 0.1)
    (pcb_text_width 0.3)
    (pcb_text_size 1.5 1.5)
    (mod_edge_width 0.15)
    (mod_text_size 0.6 0.6)
    (mod_text_width 0.1)
    (pad_size 3.2 3.2)
    (pad_drill 3.2)
    (pad_to_mask_clearance 0.2)
    (aux_axis_origin 0 0)
    (grid_origin 180.1495 72.009)
    (visible_elements FFFFFF7F)
    (pcbplotparams
      (layerselection 0x010fc_ffffffff)
      (usegerberextensions false)
      (usegerberattributes true)
      (usegerberadvancedattributes false)
      (creategerberjobfile false)
      (excludeedgelayer true)
      (linewidth 0.100000)
      (plotframeref false)
      (viasonmask false)
      (mode 1)
      (useauxorigin false)
      (hpglpennumber 1)
      (hpglpenspeed 20)
      (hpglpendiameter 15.000000)
      (psnegative false)
      (psa4output false)
      (plotreference true)
      (plotvalue true)
      (plotinvisibletext false)
      (padsonsilk false)
      (subtractmaskfromsilk false)
      (outputformat 1)
      (mirror false)
      (drillshape 0)
      (scaleselection 1)
      (outputdirectory ""))
  )

  (net 0 "")
  (net 1 GND)
  (net 2 +15V)
  (net 3 VCC)
  (net 4 "Net-(D3-Pad1)")
  (net 5 RX0_SDA)
  (net 6 TX0_SCL)
  (net 7 "Net-(D1-Pad2)")
  (net 8 TX1_ADC1)
  (net 9 RX1_ADC2)
  (net 10 +5V)
  (net 11 RESET)
  (net 12 "Net-(C13-Pad1)")
  (net 13 ANT)
  (net 14 NSS)
  (net 15 GPIO0)
  (net 16 MISO)
  (net 17 MOSI)
  (net 18 SCK)
  (net 19 "Net-(U3-Pad6)")
  (net 20 "Net-(U3-Pad7)")
  (net 21 "Net-(U3-Pad11)")
  (net 22 "Net-(U3-Pad12)")
  (net 23 GPIO4)
  (net 24 "Net-(U3-Pad15)")
  (net 25 "Net-(U3-Pad16)")
  (net 26 TXD_ESP)
  (net 27 RXD_ESP)
  (net 28 GPIO5)
  (net 29 "Net-(U4-Pad14)")
  (net 30 "Net-(U4-Pad13)")
  (net 31 "Net-(U4-Pad12)")
  (net 32 "Net-(U4-Pad11)")
  (net 33 "Net-(U4-Pad10)")
  (net 34 "Net-(U4-Pad9)")
  (net 35 "Net-(U4-Pad4)")
  (net 36 "Net-(U4-Pad2)")
  (net 37 "Net-(J2-Pad1)")
  (net 38 "Net-(AE1-Pad1)")
  (net 39 "Net-(D1-Pad1)")
  (net 40 "Net-(C9-Pad1)")
  (net 41 "Net-(Q1-Pad1)")
  (net 42 VO)
  (net 43 RS)
  (net 44 RW)
  (net 45 CS)
  (net 46 "Net-(J9-Pad7)")
  (net 47 "Net-(J9-Pad8)")
  (net 48 "Net-(J9-Pad9)")
  (net 49 "Net-(J9-Pad10)")
  (net 50 DB4)
  (net 51 DB5)
  (net 52 DB6)
  (net 53 DB7)
  (net 54 LED_K)
  (net 55 A0)
  (net 56 A1)
  (net 57 A2)
  (net 58 P3)
  (net 59 "Net-(U5-Pad13)")
  (net 60 "Net-(P1-Pad3)")
  (net 61 "Net-(P1-Pad4)")
  (net 62 WS2812)
  (net 63 "Net-(C5-Pad1)")
  (net 64 "Net-(C6-Pad1)")
  (net 65 "Net-(C7-Pad1)")
  (net 66 "Net-(C8-Pad1)")
  (net 67 "Net-(Q1-Pad3)")

  (net_class Default "This is the default net class."
    (clearance 0.2)
    (trace_width 0.25)
    (via_dia 0.8)
    (via_drill 0.4)
    (uvia_dia 0.3)
    (uvia_drill 0.1)
    (add_net +15V)
    (add_net +5V)
    (add_net A0)
    (add_net A1)
    (add_net A2)
    (add_net ANT)
    (add_net CS)
    (add_net DB4)
    (add_net DB5)
    (add_net DB6)
    (add_net DB7)
    (add_net GND)
    (add_net GPIO0)
    (add_net GPIO4)
    (add_net GPIO5)
    (add_net LED_K)
    (add_net MISO)
    (add_net MOSI)
    (add_net NSS)
    (add_net "Net-(AE1-Pad1)")
    (add_net "Net-(C13-Pad1)")
    (add_net "Net-(C5-Pad1)")
    (add_net "Net-(C6-Pad1)")
    (add_net "Net-(C7-Pad1)")
    (add_net "Net-(C8-Pad1)")
    (add_net "Net-(C9-Pad1)")
    (add_net "Net-(D1-Pad1)")
    (add_net "Net-(D1-Pad2)")
    (add_net "Net-(D3-Pad1)")
    (add_net "Net-(J2-Pad1)")
    (add_net "Net-(J9-Pad10)")
    (add_net "Net-(J9-Pad7)")
    (add_net "Net-(J9-Pad8)")
    (add_net "Net-(J9-Pad9)")
    (add_net "Net-(P1-Pad3)")
    (add_net "Net-(P1-Pad4)")
    (add_net "Net-(Q1-Pad1)")
    (add_net "Net-(Q1-Pad3)")
    (add_net "Net-(U3-Pad11)")
    (add_net "Net-(U3-Pad12)")
    (add_net "Net-(U3-Pad15)")
    (add_net "Net-(U3-Pad16)")
    (add_net "Net-(U3-Pad6)")
    (add_net "Net-(U3-Pad7)")
    (add_net "Net-(U4-Pad10)")
    (add_net "Net-(U4-Pad11)")
    (add_net "Net-(U4-Pad12)")
    (add_net "Net-(U4-Pad13)")
    (add_net "Net-(U4-Pad14)")
    (add_net "Net-(U4-Pad2)")
    (add_net "Net-(U4-Pad4)")
    (add_net "Net-(U4-Pad9)")
    (add_net "Net-(U5-Pad13)")
    (add_net P3)
    (add_net RESET)
    (add_net RS)
    (add_net RW)
    (add_net RX0_SDA)
    (add_net RX1_ADC2)
    (add_net RXD_ESP)
    (add_net SCK)
    (add_net TX0_SCL)
    (add_net TX1_ADC1)
    (add_net TXD_ESP)
    (add_net VCC)
    (add_net VO)
    (add_net WS2812)
  )

  (module Diode_SMD:D_SOD-323 (layer F.Cu) (tedit 58641739) (tstamp 5BE38D77)
    (at 141.2495 79.509 270)
    (descr SOD-323)
    (tags SOD-323)
    (path /5BC5645E)
    (attr smd)
    (fp_text reference D1 (at 0 -1.85 270) (layer F.SilkS)
      (effects (font (size 1 1) (thickness 0.15)))
    )
    (fp_text value 12V (at 0.1 1.9 270) (layer F.Fab)
      (effects (font (size 1 1) (thickness 0.15)))
    )
    (fp_text user %R (at 0 -1.85 270) (layer F.Fab)
      (effects (font (size 1 1) (thickness 0.15)))
    )
    (fp_line (start -1.5 -0.85) (end -1.5 0.85) (layer F.SilkS) (width 0.12))
    (fp_line (start 0.2 0) (end 0.45 0) (layer F.Fab) (width 0.1))
    (fp_line (start 0.2 0.35) (end -0.3 0) (layer F.Fab) (width 0.1))
    (fp_line (start 0.2 -0.35) (end 0.2 0.35) (layer F.Fab) (width 0.1))
    (fp_line (start -0.3 0) (end 0.2 -0.35) (layer F.Fab) (width 0.1))
    (fp_line (start -0.3 0) (end -0.5 0) (layer F.Fab) (width 0.1))
    (fp_line (start -0.3 -0.35) (end -0.3 0.35) (layer F.Fab) (width 0.1))
    (fp_line (start -0.9 0.7) (end -0.9 -0.7) (layer F.Fab) (width 0.1))
    (fp_line (start 0.9 0.7) (end -0.9 0.7) (layer F.Fab) (width 0.1))
    (fp_line (start 0.9 -0.7) (end 0.9 0.7) (layer F.Fab) (width 0.1))
    (fp_line (start -0.9 -0.7) (end 0.9 -0.7) (layer F.Fab) (width 0.1))
    (fp_line (start -1.6 -0.95) (end 1.6 -0.95) (layer F.CrtYd) (width 0.05))
    (fp_line (start 1.6 -0.95) (end 1.6 0.95) (layer F.CrtYd) (width 0.05))
    (fp_line (start -1.6 0.95) (end 1.6 0.95) (layer F.CrtYd) (width 0.05))
    (fp_line (start -1.6 -0.95) (end -1.6 0.95) (layer F.CrtYd) (width 0.05))
    (fp_line (start -1.5 0.85) (end 1.05 0.85) (layer F.SilkS) (width 0.12))
    (fp_line (start -1.5 -0.85) (end 1.05 -0.85) (layer F.SilkS) (width 0.12))
    (pad 1 smd rect (at -1.05 0 270) (size 0.6 0.45) (layers F.Cu F.Paste F.Mask)
      (net 39 "Net-(D1-Pad1)"))
    (pad 2 smd rect (at 1.05 0 270) (size 0.6 0.45) (layers F.Cu F.Paste F.Mask)
      (net 7 "Net-(D1-Pad2)"))
    (model ${KISYS3DMOD}/Diode_SMD.3dshapes/D_SOD-323.wrl
      (at (xyz 0 0 0))
      (scale (xyz 1 1 1))
      (rotate (xyz 0 0 0))
    )
  )

  (module otter:XT60_angle (layer F.Cu) (tedit 5BC22351) (tstamp 5BC22431)
    (at 194.4095 70.169 270)
    (path /5BC3B811)
    (fp_text reference J7 (at -0.03 5.05 90 unlocked) (layer F.SilkS)
      (effects (font (size 0.6 0.6) (thickness 0.1)))
    )
    (fp_text value xt30 (at 0 -0.5 90 unlocked) (layer F.Fab)
      (effects (font (size 1 1) (thickness 0.15)))
    )
    (fp_line (start -7.62 -5.08) (end 7.62 -5.08) (layer F.SilkS) (width 0.15))
    (fp_line (start 7.62 -5.08) (end 7.62 2.54) (layer F.SilkS) (width 0.15))
    (fp_line (start -7.62 2.54) (end -7.62 -5.08) (layer F.SilkS) (width 0.15))
    (fp_line (start -5.08 6.35) (end 5.08 6.35) (layer F.SilkS) (width 0.15))
    (fp_line (start 7.62 3.81) (end 7.62 2.54) (layer F.SilkS) (width 0.15))
    (fp_line (start -7.62 2.54) (end -7.62 3.81) (layer F.SilkS) (width 0.15))
    (fp_arc (start 5.08 3.81) (end 5.08 6.35) (angle -90) (layer F.SilkS) (width 0.15))
    (fp_arc (start -5.08 3.81) (end -7.62 3.81) (angle -90) (layer F.SilkS) (width 0.15))
    (pad 1 thru_hole circle (at 3.1 3 270) (size 4 4) (drill 2.6) (layers *.Cu *.Mask)
      (net 1 GND))
    (pad 2 thru_hole circle (at -3.1 3 270) (size 4 4) (drill 2.6) (layers *.Cu *.Mask)
      (net 39 "Net-(D1-Pad1)"))
    (pad "" thru_hole oval (at 6.35 -3 270) (size 1.5 2.5) (drill oval 0.6 1.6) (layers *.Cu *.Mask))
    (pad "" thru_hole oval (at -6.35 -3 270) (size 1.5 2.5) (drill oval 0.6 1.6) (layers *.Cu *.Mask))
  )

  (module Capacitor_SMD:C_0603_1608Metric (layer F.Cu) (tedit 5B301BBE) (tstamp 5BB75A4D)
    (at 162.874 49.632 90)
    (descr "Capacitor SMD 0603 (1608 Metric), square (rectangular) end terminal, IPC_7351 nominal, (Body size source: http://www.tortai-tech.com/upload/download/2011102023233369053.pdf), generated with kicad-footprint-generator")
    (tags capacitor)
    (path /5BA4E57B)
    (attr smd)
    (fp_text reference C1 (at -0.676 1.17 90) (layer F.SilkS)
      (effects (font (size 0.6 0.6) (thickness 0.1)))
    )
    (fp_text value 100n (at 0 1.43 90) (layer F.Fab)
      (effects (font (size 1 1) (thickness 0.15)))
    )
    (fp_line (start -0.8 0.4) (end -0.8 -0.4) (layer F.Fab) (width 0.1))
    (fp_line (start -0.8 -0.4) (end 0.8 -0.4) (layer F.Fab) (width 0.1))
    (fp_line (start 0.8 -0.4) (end 0.8 0.4) (layer F.Fab) (width 0.1))
    (fp_line (start 0.8 0.4) (end -0.8 0.4) (layer F.Fab) (width 0.1))
    (fp_line (start -0.162779 -0.51) (end 0.162779 -0.51) (layer F.SilkS) (width 0.12))
    (fp_line (start -0.162779 0.51) (end 0.162779 0.51) (layer F.SilkS) (width 0.12))
    (fp_line (start -1.48 0.73) (end -1.48 -0.73) (layer F.CrtYd) (width 0.05))
    (fp_line (start -1.48 -0.73) (end 1.48 -0.73) (layer F.CrtYd) (width 0.05))
    (fp_line (start 1.48 -0.73) (end 1.48 0.73) (layer F.CrtYd) (width 0.05))
    (fp_line (start 1.48 0.73) (end -1.48 0.73) (layer F.CrtYd) (width 0.05))
    (fp_text user %R (at 0 0 90) (layer F.Fab)
      (effects (font (size 0.4 0.4) (thickness 0.06)))
    )
    (pad 1 smd roundrect (at -0.7875 0 90) (size 0.875 0.95) (layers F.Cu F.Paste F.Mask) (roundrect_rratio 0.25)
      (net 11 RESET))
    (pad 2 smd roundrect (at 0.7875 0 90) (size 0.875 0.95) (layers F.Cu F.Paste F.Mask) (roundrect_rratio 0.25)
      (net 1 GND))
    (model ${KISYS3DMOD}/Capacitor_SMD.3dshapes/C_0603_1608Metric.wrl
      (at (xyz 0 0 0))
      (scale (xyz 1 1 1))
      (rotate (xyz 0 0 0))
    )
  )

  (module Capacitor_SMD:C_0603_1608Metric (layer F.Cu) (tedit 5B301BBE) (tstamp 5BB75A5D)
    (at 154.797 68.405)
    (descr "Capacitor SMD 0603 (1608 Metric), square (rectangular) end terminal, IPC_7351 nominal, (Body size source: http://www.tortai-tech.com/upload/download/2011102023233369053.pdf), generated with kicad-footprint-generator")
    (tags capacitor)
    (path /5BA3823F)
    (attr smd)
    (fp_text reference C2 (at 0 1.1835) (layer F.SilkS)
      (effects (font (size 0.6 0.6) (thickness 0.1)))
    )
    (fp_text value 100n (at 0 1.43) (layer F.Fab)
      (effects (font (size 1 1) (thickness 0.15)))
    )
    (fp_text user %R (at 0 0) (layer F.Fab)
      (effects (font (size 0.4 0.4) (thickness 0.06)))
    )
    (fp_line (start 1.48 0.73) (end -1.48 0.73) (layer F.CrtYd) (width 0.05))
    (fp_line (start 1.48 -0.73) (end 1.48 0.73) (layer F.CrtYd) (width 0.05))
    (fp_line (start -1.48 -0.73) (end 1.48 -0.73) (layer F.CrtYd) (width 0.05))
    (fp_line (start -1.48 0.73) (end -1.48 -0.73) (layer F.CrtYd) (width 0.05))
    (fp_line (start -0.162779 0.51) (end 0.162779 0.51) (layer F.SilkS) (width 0.12))
    (fp_line (start -0.162779 -0.51) (end 0.162779 -0.51) (layer F.SilkS) (width 0.12))
    (fp_line (start 0.8 0.4) (end -0.8 0.4) (layer F.Fab) (width 0.1))
    (fp_line (start 0.8 -0.4) (end 0.8 0.4) (layer F.Fab) (width 0.1))
    (fp_line (start -0.8 -0.4) (end 0.8 -0.4) (layer F.Fab) (width 0.1))
    (fp_line (start -0.8 0.4) (end -0.8 -0.4) (layer F.Fab) (width 0.1))
    (pad 2 smd roundrect (at 0.7875 0) (size 0.875 0.95) (layers F.Cu F.Paste F.Mask) (roundrect_rratio 0.25)
      (net 1 GND))
    (pad 1 smd roundrect (at -0.7875 0) (size 0.875 0.95) (layers F.Cu F.Paste F.Mask) (roundrect_rratio 0.25)
      (net 10 +5V))
    (model ${KISYS3DMOD}/Capacitor_SMD.3dshapes/C_0603_1608Metric.wrl
      (at (xyz 0 0 0))
      (scale (xyz 1 1 1))
      (rotate (xyz 0 0 0))
    )
  )

  (module Capacitor_SMD:C_0603_1608Metric (layer F.Cu) (tedit 5B301BBE) (tstamp 5BB75A6D)
    (at 158.9145 60.529 90)
    (descr "Capacitor SMD 0603 (1608 Metric), square (rectangular) end terminal, IPC_7351 nominal, (Body size source: http://www.tortai-tech.com/upload/download/2011102023233369053.pdf), generated with kicad-footprint-generator")
    (tags capacitor)
    (path /5BA382A2)
    (attr smd)
    (fp_text reference C3 (at 0 1.395 90) (layer F.SilkS)
      (effects (font (size 0.6 0.6) (thickness 0.1)))
    )
    (fp_text value 100n (at 0 1.43 90) (layer F.Fab)
      (effects (font (size 1 1) (thickness 0.15)))
    )
    (fp_line (start -0.8 0.4) (end -0.8 -0.4) (layer F.Fab) (width 0.1))
    (fp_line (start -0.8 -0.4) (end 0.8 -0.4) (layer F.Fab) (width 0.1))
    (fp_line (start 0.8 -0.4) (end 0.8 0.4) (layer F.Fab) (width 0.1))
    (fp_line (start 0.8 0.4) (end -0.8 0.4) (layer F.Fab) (width 0.1))
    (fp_line (start -0.162779 -0.51) (end 0.162779 -0.51) (layer F.SilkS) (width 0.12))
    (fp_line (start -0.162779 0.51) (end 0.162779 0.51) (layer F.SilkS) (width 0.12))
    (fp_line (start -1.48 0.73) (end -1.48 -0.73) (layer F.CrtYd) (width 0.05))
    (fp_line (start -1.48 -0.73) (end 1.48 -0.73) (layer F.CrtYd) (width 0.05))
    (fp_line (start 1.48 -0.73) (end 1.48 0.73) (layer F.CrtYd) (width 0.05))
    (fp_line (start 1.48 0.73) (end -1.48 0.73) (layer F.CrtYd) (width 0.05))
    (fp_text user %R (at 0 0 90) (layer F.Fab)
      (effects (font (size 0.4 0.4) (thickness 0.06)))
    )
    (pad 1 smd roundrect (at -0.7875 0 90) (size 0.875 0.95) (layers F.Cu F.Paste F.Mask) (roundrect_rratio 0.25)
      (net 3 VCC))
    (pad 2 smd roundrect (at 0.7875 0 90) (size 0.875 0.95) (layers F.Cu F.Paste F.Mask) (roundrect_rratio 0.25)
      (net 1 GND))
    (model ${KISYS3DMOD}/Capacitor_SMD.3dshapes/C_0603_1608Metric.wrl
      (at (xyz 0 0 0))
      (scale (xyz 1 1 1))
      (rotate (xyz 0 0 0))
    )
  )

  (module Capacitor_SMD:C_0805_2012Metric (layer F.Cu) (tedit 5B36C52B) (tstamp 5BB75A7D)
    (at 157.0145 60.429 90)
    (descr "Capacitor SMD 0805 (2012 Metric), square (rectangular) end terminal, IPC_7351 nominal, (Body size source: https://docs.google.com/spreadsheets/d/1BsfQQcO9C6DZCsRaXUlFlo91Tg2WpOkGARC1WS5S8t0/edit?usp=sharing), generated with kicad-footprint-generator")
    (tags capacitor)
    (path /5BA3BF1E)
    (attr smd)
    (fp_text reference C4 (at 0.92 -1.535 90) (layer F.SilkS)
      (effects (font (size 0.6 0.6) (thickness 0.1)))
    )
    (fp_text value 1u (at 0 1.65 90) (layer F.Fab)
      (effects (font (size 1 1) (thickness 0.15)))
    )
    (fp_line (start -1 0.6) (end -1 -0.6) (layer F.Fab) (width 0.1))
    (fp_line (start -1 -0.6) (end 1 -0.6) (layer F.Fab) (width 0.1))
    (fp_line (start 1 -0.6) (end 1 0.6) (layer F.Fab) (width 0.1))
    (fp_line (start 1 0.6) (end -1 0.6) (layer F.Fab) (width 0.1))
    (fp_line (start -0.258578 -0.71) (end 0.258578 -0.71) (layer F.SilkS) (width 0.12))
    (fp_line (start -0.258578 0.71) (end 0.258578 0.71) (layer F.SilkS) (width 0.12))
    (fp_line (start -1.68 0.95) (end -1.68 -0.95) (layer F.CrtYd) (width 0.05))
    (fp_line (start -1.68 -0.95) (end 1.68 -0.95) (layer F.CrtYd) (width 0.05))
    (fp_line (start 1.68 -0.95) (end 1.68 0.95) (layer F.CrtYd) (width 0.05))
    (fp_line (start 1.68 0.95) (end -1.68 0.95) (layer F.CrtYd) (width 0.05))
    (fp_text user %R (at 0 0 90) (layer F.Fab)
      (effects (font (size 0.5 0.5) (thickness 0.08)))
    )
    (pad 1 smd roundrect (at -0.9375 0 90) (size 0.975 1.4) (layers F.Cu F.Paste F.Mask) (roundrect_rratio 0.25)
      (net 3 VCC))
    (pad 2 smd roundrect (at 0.9375 0 90) (size 0.975 1.4) (layers F.Cu F.Paste F.Mask) (roundrect_rratio 0.25)
      (net 1 GND))
    (model ${KISYS3DMOD}/Capacitor_SMD.3dshapes/C_0805_2012Metric.wrl
      (at (xyz 0 0 0))
      (scale (xyz 1 1 1))
      (rotate (xyz 0 0 0))
    )
  )

  (module Capacitor_SMD:C_0603_1608Metric (layer F.Cu) (tedit 5B301BBE) (tstamp 5BB75A8D)
    (at 110.783 75.95 90)
    (descr "Capacitor SMD 0603 (1608 Metric), square (rectangular) end terminal, IPC_7351 nominal, (Body size source: http://www.tortai-tech.com/upload/download/2011102023233369053.pdf), generated with kicad-footprint-generator")
    (tags capacitor)
    (path /5BA3F1C0)
    (attr smd)
    (fp_text reference C5 (at -1.891 -1.1165 -180) (layer F.SilkS)
      (effects (font (size 0.6 0.6) (thickness 0.1)))
    )
    (fp_text value 10n (at 0 1.43 90) (layer F.Fab)
      (effects (font (size 1 1) (thickness 0.15)))
    )
    (fp_text user %R (at 0 0 90) (layer F.Fab)
      (effects (font (size 0.4 0.4) (thickness 0.06)))
    )
    (fp_line (start 1.48 0.73) (end -1.48 0.73) (layer F.CrtYd) (width 0.05))
    (fp_line (start 1.48 -0.73) (end 1.48 0.73) (layer F.CrtYd) (width 0.05))
    (fp_line (start -1.48 -0.73) (end 1.48 -0.73) (layer F.CrtYd) (width 0.05))
    (fp_line (start -1.48 0.73) (end -1.48 -0.73) (layer F.CrtYd) (width 0.05))
    (fp_line (start -0.162779 0.51) (end 0.162779 0.51) (layer F.SilkS) (width 0.12))
    (fp_line (start -0.162779 -0.51) (end 0.162779 -0.51) (layer F.SilkS) (width 0.12))
    (fp_line (start 0.8 0.4) (end -0.8 0.4) (layer F.Fab) (width 0.1))
    (fp_line (start 0.8 -0.4) (end 0.8 0.4) (layer F.Fab) (width 0.1))
    (fp_line (start -0.8 -0.4) (end 0.8 -0.4) (layer F.Fab) (width 0.1))
    (fp_line (start -0.8 0.4) (end -0.8 -0.4) (layer F.Fab) (width 0.1))
    (pad 2 smd roundrect (at 0.7875 0 90) (size 0.875 0.95) (layers F.Cu F.Paste F.Mask) (roundrect_rratio 0.25)
      (net 1 GND))
    (pad 1 smd roundrect (at -0.7875 0 90) (size 0.875 0.95) (layers F.Cu F.Paste F.Mask) (roundrect_rratio 0.25)
      (net 63 "Net-(C5-Pad1)"))
    (model ${KISYS3DMOD}/Capacitor_SMD.3dshapes/C_0603_1608Metric.wrl
      (at (xyz 0 0 0))
      (scale (xyz 1 1 1))
      (rotate (xyz 0 0 0))
    )
  )

  (module Capacitor_SMD:C_0603_1608Metric (layer F.Cu) (tedit 5B301BBE) (tstamp 5BB75A9D)
    (at 152.0495 76.109 90)
    (descr "Capacitor SMD 0603 (1608 Metric), square (rectangular) end terminal, IPC_7351 nominal, (Body size source: http://www.tortai-tech.com/upload/download/2011102023233369053.pdf), generated with kicad-footprint-generator")
    (tags capacitor)
    (path /5BA3F287)
    (attr smd)
    (fp_text reference C6 (at 2 0 -180) (layer F.SilkS)
      (effects (font (size 0.6 0.6) (thickness 0.1)))
    )
    (fp_text value 10n (at 0 1.43 90) (layer F.Fab)
      (effects (font (size 1 1) (thickness 0.15)))
    )
    (fp_line (start -0.8 0.4) (end -0.8 -0.4) (layer F.Fab) (width 0.1))
    (fp_line (start -0.8 -0.4) (end 0.8 -0.4) (layer F.Fab) (width 0.1))
    (fp_line (start 0.8 -0.4) (end 0.8 0.4) (layer F.Fab) (width 0.1))
    (fp_line (start 0.8 0.4) (end -0.8 0.4) (layer F.Fab) (width 0.1))
    (fp_line (start -0.162779 -0.51) (end 0.162779 -0.51) (layer F.SilkS) (width 0.12))
    (fp_line (start -0.162779 0.51) (end 0.162779 0.51) (layer F.SilkS) (width 0.12))
    (fp_line (start -1.48 0.73) (end -1.48 -0.73) (layer F.CrtYd) (width 0.05))
    (fp_line (start -1.48 -0.73) (end 1.48 -0.73) (layer F.CrtYd) (width 0.05))
    (fp_line (start 1.48 -0.73) (end 1.48 0.73) (layer F.CrtYd) (width 0.05))
    (fp_line (start 1.48 0.73) (end -1.48 0.73) (layer F.CrtYd) (width 0.05))
    (fp_text user %R (at 0 0 90) (layer F.Fab)
      (effects (font (size 0.4 0.4) (thickness 0.06)))
    )
    (pad 1 smd roundrect (at -0.7875 0 90) (size 0.875 0.95) (layers F.Cu F.Paste F.Mask) (roundrect_rratio 0.25)
      (net 64 "Net-(C6-Pad1)"))
    (pad 2 smd roundrect (at 0.7875 0 90) (size 0.875 0.95) (layers F.Cu F.Paste F.Mask) (roundrect_rratio 0.25)
      (net 1 GND))
    (model ${KISYS3DMOD}/Capacitor_SMD.3dshapes/C_0603_1608Metric.wrl
      (at (xyz 0 0 0))
      (scale (xyz 1 1 1))
      (rotate (xyz 0 0 0))
    )
  )

  (module Capacitor_SMD:C_0603_1608Metric (layer F.Cu) (tedit 5B301BBE) (tstamp 5BB75AAD)
    (at 116.5005 75.95 90)
    (descr "Capacitor SMD 0603 (1608 Metric), square (rectangular) end terminal, IPC_7351 nominal, (Body size source: http://www.tortai-tech.com/upload/download/2011102023233369053.pdf), generated with kicad-footprint-generator")
    (tags capacitor)
    (path /5BA3F21E)
    (attr smd)
    (fp_text reference C7 (at -0.959 1.449 -180) (layer F.SilkS)
      (effects (font (size 0.6 0.6) (thickness 0.1)))
    )
    (fp_text value 10n (at 0 1.43 90) (layer F.Fab)
      (effects (font (size 1 1) (thickness 0.15)))
    )
    (fp_text user %R (at 0 0 90) (layer F.Fab)
      (effects (font (size 0.4 0.4) (thickness 0.06)))
    )
    (fp_line (start 1.48 0.73) (end -1.48 0.73) (layer F.CrtYd) (width 0.05))
    (fp_line (start 1.48 -0.73) (end 1.48 0.73) (layer F.CrtYd) (width 0.05))
    (fp_line (start -1.48 -0.73) (end 1.48 -0.73) (layer F.CrtYd) (width 0.05))
    (fp_line (start -1.48 0.73) (end -1.48 -0.73) (layer F.CrtYd) (width 0.05))
    (fp_line (start -0.162779 0.51) (end 0.162779 0.51) (layer F.SilkS) (width 0.12))
    (fp_line (start -0.162779 -0.51) (end 0.162779 -0.51) (layer F.SilkS) (width 0.12))
    (fp_line (start 0.8 0.4) (end -0.8 0.4) (layer F.Fab) (width 0.1))
    (fp_line (start 0.8 -0.4) (end 0.8 0.4) (layer F.Fab) (width 0.1))
    (fp_line (start -0.8 -0.4) (end 0.8 -0.4) (layer F.Fab) (width 0.1))
    (fp_line (start -0.8 0.4) (end -0.8 -0.4) (layer F.Fab) (width 0.1))
    (pad 2 smd roundrect (at 0.7875 0 90) (size 0.875 0.95) (layers F.Cu F.Paste F.Mask) (roundrect_rratio 0.25)
      (net 1 GND))
    (pad 1 smd roundrect (at -0.7875 0 90) (size 0.875 0.95) (layers F.Cu F.Paste F.Mask) (roundrect_rratio 0.25)
      (net 65 "Net-(C7-Pad1)"))
    (model ${KISYS3DMOD}/Capacitor_SMD.3dshapes/C_0603_1608Metric.wrl
      (at (xyz 0 0 0))
      (scale (xyz 1 1 1))
      (rotate (xyz 0 0 0))
    )
  )

  (module Capacitor_SMD:C_0603_1608Metric (layer F.Cu) (tedit 5B301BBE) (tstamp 5BB75ABD)
    (at 154.5495 76.109 90)
    (descr "Capacitor SMD 0603 (1608 Metric), square (rectangular) end terminal, IPC_7351 nominal, (Body size source: http://www.tortai-tech.com/upload/download/2011102023233369053.pdf), generated with kicad-footprint-generator")
    (tags capacitor)
    (path /5BA3F2EB)
    (attr smd)
    (fp_text reference C8 (at 1.9 -0.0005 -180) (layer F.SilkS)
      (effects (font (size 0.6 0.6) (thickness 0.1)))
    )
    (fp_text value 10n (at 0 1.43 90) (layer F.Fab)
      (effects (font (size 1 1) (thickness 0.15)))
    )
    (fp_line (start -0.8 0.4) (end -0.8 -0.4) (layer F.Fab) (width 0.1))
    (fp_line (start -0.8 -0.4) (end 0.8 -0.4) (layer F.Fab) (width 0.1))
    (fp_line (start 0.8 -0.4) (end 0.8 0.4) (layer F.Fab) (width 0.1))
    (fp_line (start 0.8 0.4) (end -0.8 0.4) (layer F.Fab) (width 0.1))
    (fp_line (start -0.162779 -0.51) (end 0.162779 -0.51) (layer F.SilkS) (width 0.12))
    (fp_line (start -0.162779 0.51) (end 0.162779 0.51) (layer F.SilkS) (width 0.12))
    (fp_line (start -1.48 0.73) (end -1.48 -0.73) (layer F.CrtYd) (width 0.05))
    (fp_line (start -1.48 -0.73) (end 1.48 -0.73) (layer F.CrtYd) (width 0.05))
    (fp_line (start 1.48 -0.73) (end 1.48 0.73) (layer F.CrtYd) (width 0.05))
    (fp_line (start 1.48 0.73) (end -1.48 0.73) (layer F.CrtYd) (width 0.05))
    (fp_text user %R (at 0 0 90) (layer F.Fab)
      (effects (font (size 0.4 0.4) (thickness 0.06)))
    )
    (pad 1 smd roundrect (at -0.7875 0 90) (size 0.875 0.95) (layers F.Cu F.Paste F.Mask) (roundrect_rratio 0.25)
      (net 66 "Net-(C8-Pad1)"))
    (pad 2 smd roundrect (at 0.7875 0 90) (size 0.875 0.95) (layers F.Cu F.Paste F.Mask) (roundrect_rratio 0.25)
      (net 1 GND))
    (model ${KISYS3DMOD}/Capacitor_SMD.3dshapes/C_0603_1608Metric.wrl
      (at (xyz 0 0 0))
      (scale (xyz 1 1 1))
      (rotate (xyz 0 0 0))
    )
  )

  (module Capacitor_SMD:CP_Elec_5x5.3 (layer F.Cu) (tedit 5B3026A2) (tstamp 5BB75ACD)
    (at 124.0495 80.709 270)
    (descr "SMT capacitor, aluminium electrolytic, 5x5.3, Nichicon ")
    (tags "Capacitor Electrolytic")
    (path /5BA3C822)
    (attr smd)
    (fp_text reference C9 (at -2.911 2.692 270) (layer F.SilkS)
      (effects (font (size 0.6 0.6) (thickness 0.1)))
    )
    (fp_text value 20u (at 0 -3.92 270) (layer F.Fab)
      (effects (font (size 1 1) (thickness 0.15)))
    )
    (fp_text user %R (at 0 0 270) (layer F.Fab)
      (effects (font (size 1 1) (thickness 0.15)))
    )
    (fp_line (start -3.95 1.05) (end -2.9 1.05) (layer F.CrtYd) (width 0.05))
    (fp_line (start -3.95 -1.05) (end -3.95 1.05) (layer F.CrtYd) (width 0.05))
    (fp_line (start -2.9 -1.05) (end -3.95 -1.05) (layer F.CrtYd) (width 0.05))
    (fp_line (start -2.9 1.05) (end -2.9 1.75) (layer F.CrtYd) (width 0.05))
    (fp_line (start -2.9 -1.75) (end -2.9 -1.05) (layer F.CrtYd) (width 0.05))
    (fp_line (start -2.9 -1.75) (end -1.75 -2.9) (layer F.CrtYd) (width 0.05))
    (fp_line (start -2.9 1.75) (end -1.75 2.9) (layer F.CrtYd) (width 0.05))
    (fp_line (start -1.75 -2.9) (end 2.9 -2.9) (layer F.CrtYd) (width 0.05))
    (fp_line (start -1.75 2.9) (end 2.9 2.9) (layer F.CrtYd) (width 0.05))
    (fp_line (start 2.9 1.05) (end 2.9 2.9) (layer F.CrtYd) (width 0.05))
    (fp_line (start 3.95 1.05) (end 2.9 1.05) (layer F.CrtYd) (width 0.05))
    (fp_line (start 3.95 -1.05) (end 3.95 1.05) (layer F.CrtYd) (width 0.05))
    (fp_line (start 2.9 -1.05) (end 3.95 -1.05) (layer F.CrtYd) (width 0.05))
    (fp_line (start 2.9 -2.9) (end 2.9 -1.05) (layer F.CrtYd) (width 0.05))
    (fp_line (start -3.3125 -1.9975) (end -3.3125 -1.3725) (layer F.SilkS) (width 0.12))
    (fp_line (start -3.625 -1.685) (end -3 -1.685) (layer F.SilkS) (width 0.12))
    (fp_line (start -2.76 1.695563) (end -1.695563 2.76) (layer F.SilkS) (width 0.12))
    (fp_line (start -2.76 -1.695563) (end -1.695563 -2.76) (layer F.SilkS) (width 0.12))
    (fp_line (start -2.76 -1.695563) (end -2.76 -1.06) (layer F.SilkS) (width 0.12))
    (fp_line (start -2.76 1.695563) (end -2.76 1.06) (layer F.SilkS) (width 0.12))
    (fp_line (start -1.695563 2.76) (end 2.76 2.76) (layer F.SilkS) (width 0.12))
    (fp_line (start -1.695563 -2.76) (end 2.76 -2.76) (layer F.SilkS) (width 0.12))
    (fp_line (start 2.76 -2.76) (end 2.76 -1.06) (layer F.SilkS) (width 0.12))
    (fp_line (start 2.76 2.76) (end 2.76 1.06) (layer F.SilkS) (width 0.12))
    (fp_line (start -1.783956 -1.45) (end -1.783956 -0.95) (layer F.Fab) (width 0.1))
    (fp_line (start -2.033956 -1.2) (end -1.533956 -1.2) (layer F.Fab) (width 0.1))
    (fp_line (start -2.65 1.65) (end -1.65 2.65) (layer F.Fab) (width 0.1))
    (fp_line (start -2.65 -1.65) (end -1.65 -2.65) (layer F.Fab) (width 0.1))
    (fp_line (start -2.65 -1.65) (end -2.65 1.65) (layer F.Fab) (width 0.1))
    (fp_line (start -1.65 2.65) (end 2.65 2.65) (layer F.Fab) (width 0.1))
    (fp_line (start -1.65 -2.65) (end 2.65 -2.65) (layer F.Fab) (width 0.1))
    (fp_line (start 2.65 -2.65) (end 2.65 2.65) (layer F.Fab) (width 0.1))
    (fp_circle (center 0 0) (end 2.5 0) (layer F.Fab) (width 0.1))
    (pad 2 smd rect (at 2.2 0 270) (size 3 1.6) (layers F.Cu F.Paste F.Mask)
      (net 1 GND))
    (pad 1 smd rect (at -2.2 0 270) (size 3 1.6) (layers F.Cu F.Paste F.Mask)
      (net 40 "Net-(C9-Pad1)"))
    (model ${KISYS3DMOD}/Capacitor_SMD.3dshapes/CP_Elec_5x5.3.wrl
      (at (xyz 0 0 0))
      (scale (xyz 1 1 1))
      (rotate (xyz 0 0 0))
    )
  )

  (module Capacitor_SMD:CP_Elec_5x5.3 (layer F.Cu) (tedit 5B3026A2) (tstamp 5BB75B14)
    (at 149.1335 70.5005 180)
    (descr "SMT capacitor, aluminium electrolytic, 5x5.3, Nichicon ")
    (tags "Capacitor Electrolytic")
    (path /5BA3EBFB)
    (attr smd)
    (fp_text reference C12 (at 0 1.412 180) (layer F.SilkS)
      (effects (font (size 0.6 0.6) (thickness 0.1)))
    )
    (fp_text value 20u (at 0 -3.92 180) (layer F.Fab)
      (effects (font (size 1 1) (thickness 0.15)))
    )
    (fp_circle (center 0 0) (end 2.5 0) (layer F.Fab) (width 0.1))
    (fp_line (start 2.65 -2.65) (end 2.65 2.65) (layer F.Fab) (width 0.1))
    (fp_line (start -1.65 -2.65) (end 2.65 -2.65) (layer F.Fab) (width 0.1))
    (fp_line (start -1.65 2.65) (end 2.65 2.65) (layer F.Fab) (width 0.1))
    (fp_line (start -2.65 -1.65) (end -2.65 1.65) (layer F.Fab) (width 0.1))
    (fp_line (start -2.65 -1.65) (end -1.65 -2.65) (layer F.Fab) (width 0.1))
    (fp_line (start -2.65 1.65) (end -1.65 2.65) (layer F.Fab) (width 0.1))
    (fp_line (start -2.033956 -1.2) (end -1.533956 -1.2) (layer F.Fab) (width 0.1))
    (fp_line (start -1.783956 -1.45) (end -1.783956 -0.95) (layer F.Fab) (width 0.1))
    (fp_line (start 2.76 2.76) (end 2.76 1.06) (layer F.SilkS) (width 0.12))
    (fp_line (start 2.76 -2.76) (end 2.76 -1.06) (layer F.SilkS) (width 0.12))
    (fp_line (start -1.695563 -2.76) (end 2.76 -2.76) (layer F.SilkS) (width 0.12))
    (fp_line (start -1.695563 2.76) (end 2.76 2.76) (layer F.SilkS) (width 0.12))
    (fp_line (start -2.76 1.695563) (end -2.76 1.06) (layer F.SilkS) (width 0.12))
    (fp_line (start -2.76 -1.695563) (end -2.76 -1.06) (layer F.SilkS) (width 0.12))
    (fp_line (start -2.76 -1.695563) (end -1.695563 -2.76) (layer F.SilkS) (width 0.12))
    (fp_line (start -2.76 1.695563) (end -1.695563 2.76) (layer F.SilkS) (width 0.12))
    (fp_line (start -3.625 -1.685) (end -3 -1.685) (layer F.SilkS) (width 0.12))
    (fp_line (start -3.3125 -1.9975) (end -3.3125 -1.3725) (layer F.SilkS) (width 0.12))
    (fp_line (start 2.9 -2.9) (end 2.9 -1.05) (layer F.CrtYd) (width 0.05))
    (fp_line (start 2.9 -1.05) (end 3.95 -1.05) (layer F.CrtYd) (width 0.05))
    (fp_line (start 3.95 -1.05) (end 3.95 1.05) (layer F.CrtYd) (width 0.05))
    (fp_line (start 3.95 1.05) (end 2.9 1.05) (layer F.CrtYd) (width 0.05))
    (fp_line (start 2.9 1.05) (end 2.9 2.9) (layer F.CrtYd) (width 0.05))
    (fp_line (start -1.75 2.9) (end 2.9 2.9) (layer F.CrtYd) (width 0.05))
    (fp_line (start -1.75 -2.9) (end 2.9 -2.9) (layer F.CrtYd) (width 0.05))
    (fp_line (start -2.9 1.75) (end -1.75 2.9) (layer F.CrtYd) (width 0.05))
    (fp_line (start -2.9 -1.75) (end -1.75 -2.9) (layer F.CrtYd) (width 0.05))
    (fp_line (start -2.9 -1.75) (end -2.9 -1.05) (layer F.CrtYd) (width 0.05))
    (fp_line (start -2.9 1.05) (end -2.9 1.75) (layer F.CrtYd) (width 0.05))
    (fp_line (start -2.9 -1.05) (end -3.95 -1.05) (layer F.CrtYd) (width 0.05))
    (fp_line (start -3.95 -1.05) (end -3.95 1.05) (layer F.CrtYd) (width 0.05))
    (fp_line (start -3.95 1.05) (end -2.9 1.05) (layer F.CrtYd) (width 0.05))
    (fp_text user %R (at 0 0 180) (layer F.Fab)
      (effects (font (size 1 1) (thickness 0.15)))
    )
    (pad 1 smd rect (at -2.2 0 180) (size 3 1.6) (layers F.Cu F.Paste F.Mask)
      (net 10 +5V))
    (pad 2 smd rect (at 2.2 0 180) (size 3 1.6) (layers F.Cu F.Paste F.Mask)
      (net 1 GND))
    (model ${KISYS3DMOD}/Capacitor_SMD.3dshapes/CP_Elec_5x5.3.wrl
      (at (xyz 0 0 0))
      (scale (xyz 1 1 1))
      (rotate (xyz 0 0 0))
    )
  )

  (module Capacitor_SMD:C_0603_1608Metric (layer F.Cu) (tedit 5B301BBE) (tstamp 5BB75B3B)
    (at 165.3645 50.7735 90)
    (descr "Capacitor SMD 0603 (1608 Metric), square (rectangular) end terminal, IPC_7351 nominal, (Body size source: http://www.tortai-tech.com/upload/download/2011102023233369053.pdf), generated with kicad-footprint-generator")
    (tags capacitor)
    (path /5BA6DCAF)
    (attr smd)
    (fp_text reference C13 (at 2.3645 0.685 90) (layer F.SilkS)
      (effects (font (size 0.6 0.6) (thickness 0.1)))
    )
    (fp_text value 100n (at 0 1.43 90) (layer F.Fab)
      (effects (font (size 1 1) (thickness 0.15)))
    )
    (fp_line (start -0.8 0.4) (end -0.8 -0.4) (layer F.Fab) (width 0.1))
    (fp_line (start -0.8 -0.4) (end 0.8 -0.4) (layer F.Fab) (width 0.1))
    (fp_line (start 0.8 -0.4) (end 0.8 0.4) (layer F.Fab) (width 0.1))
    (fp_line (start 0.8 0.4) (end -0.8 0.4) (layer F.Fab) (width 0.1))
    (fp_line (start -0.162779 -0.51) (end 0.162779 -0.51) (layer F.SilkS) (width 0.12))
    (fp_line (start -0.162779 0.51) (end 0.162779 0.51) (layer F.SilkS) (width 0.12))
    (fp_line (start -1.48 0.73) (end -1.48 -0.73) (layer F.CrtYd) (width 0.05))
    (fp_line (start -1.48 -0.73) (end 1.48 -0.73) (layer F.CrtYd) (width 0.05))
    (fp_line (start 1.48 -0.73) (end 1.48 0.73) (layer F.CrtYd) (width 0.05))
    (fp_line (start 1.48 0.73) (end -1.48 0.73) (layer F.CrtYd) (width 0.05))
    (fp_text user %R (at 0 0 90) (layer F.Fab)
      (effects (font (size 0.4 0.4) (thickness 0.06)))
    )
    (pad 1 smd roundrect (at -0.7875 0 90) (size 0.875 0.95) (layers F.Cu F.Paste F.Mask) (roundrect_rratio 0.25)
      (net 12 "Net-(C13-Pad1)"))
    (pad 2 smd roundrect (at 0.7875 0 90) (size 0.875 0.95) (layers F.Cu F.Paste F.Mask) (roundrect_rratio 0.25)
      (net 1 GND))
    (model ${KISYS3DMOD}/Capacitor_SMD.3dshapes/C_0603_1608Metric.wrl
      (at (xyz 0 0 0))
      (scale (xyz 1 1 1))
      (rotate (xyz 0 0 0))
    )
  )

  (module LED_SMD:LED_0805_2012Metric (layer F.Cu) (tedit 5B36C52C) (tstamp 5BB75B62)
    (at 158.573 67.8195 90)
    (descr "LED SMD 0805 (2012 Metric), square (rectangular) end terminal, IPC_7351 nominal, (Body size source: https://docs.google.com/spreadsheets/d/1BsfQQcO9C6DZCsRaXUlFlo91Tg2WpOkGARC1WS5S8t0/edit?usp=sharing), generated with kicad-footprint-generator")
    (tags diode)
    (path /5BA391B4)
    (attr smd)
    (fp_text reference D3 (at 0.0005 -1.4335 90) (layer F.SilkS)
      (effects (font (size 0.6 0.6) (thickness 0.1)))
    )
    (fp_text value LED (at 0 1.65 90) (layer F.Fab)
      (effects (font (size 1 1) (thickness 0.15)))
    )
    (fp_line (start 1 -0.6) (end -0.7 -0.6) (layer F.Fab) (width 0.1))
    (fp_line (start -0.7 -0.6) (end -1 -0.3) (layer F.Fab) (width 0.1))
    (fp_line (start -1 -0.3) (end -1 0.6) (layer F.Fab) (width 0.1))
    (fp_line (start -1 0.6) (end 1 0.6) (layer F.Fab) (width 0.1))
    (fp_line (start 1 0.6) (end 1 -0.6) (layer F.Fab) (width 0.1))
    (fp_line (start 1 -0.96) (end -1.685 -0.96) (layer F.SilkS) (width 0.12))
    (fp_line (start -1.685 -0.96) (end -1.685 0.96) (layer F.SilkS) (width 0.12))
    (fp_line (start -1.685 0.96) (end 1 0.96) (layer F.SilkS) (width 0.12))
    (fp_line (start -1.68 0.95) (end -1.68 -0.95) (layer F.CrtYd) (width 0.05))
    (fp_line (start -1.68 -0.95) (end 1.68 -0.95) (layer F.CrtYd) (width 0.05))
    (fp_line (start 1.68 -0.95) (end 1.68 0.95) (layer F.CrtYd) (width 0.05))
    (fp_line (start 1.68 0.95) (end -1.68 0.95) (layer F.CrtYd) (width 0.05))
    (fp_text user %R (at 0 0 90) (layer F.Fab)
      (effects (font (size 0.5 0.5) (thickness 0.08)))
    )
    (pad 1 smd roundrect (at -0.9375 0 90) (size 0.975 1.4) (layers F.Cu F.Paste F.Mask) (roundrect_rratio 0.25)
      (net 4 "Net-(D3-Pad1)"))
    (pad 2 smd roundrect (at 0.9375 0 90) (size 0.975 1.4) (layers F.Cu F.Paste F.Mask) (roundrect_rratio 0.25)
      (net 3 VCC))
    (model ${KISYS3DMOD}/LED_SMD.3dshapes/LED_0805_2012Metric.wrl
      (at (xyz 0 0 0))
      (scale (xyz 1 1 1))
      (rotate (xyz 0 0 0))
    )
  )

  (module Connector_JST:JST_XH_B04B-XH-A_1x04_P2.50mm_Vertical (layer F.Cu) (tedit 5A2731AA) (tstamp 5BB75B8B)
    (at 109.8997 80.6714)
    (descr "JST XH series connector, B04B-XH-A (http://www.jst-mfg.com/product/pdf/eng/eXH.pdf), generated with kicad-footprint-generator")
    (tags "connector JST XH side entry")
    (path /5BA37363)
    (fp_text reference J1 (at 3.75 -3.55) (layer F.SilkS)
      (effects (font (size 0.6 0.6) (thickness 0.1)))
    )
    (fp_text value UART/I2C (at 3.75 4.6) (layer F.Fab)
      (effects (font (size 1 1) (thickness 0.15)))
    )
    (fp_line (start -2.45 -2.35) (end -2.45 3.4) (layer F.Fab) (width 0.1))
    (fp_line (start -2.45 3.4) (end 9.95 3.4) (layer F.Fab) (width 0.1))
    (fp_line (start 9.95 3.4) (end 9.95 -2.35) (layer F.Fab) (width 0.1))
    (fp_line (start 9.95 -2.35) (end -2.45 -2.35) (layer F.Fab) (width 0.1))
    (fp_line (start -2.56 -2.46) (end -2.56 3.51) (layer F.SilkS) (width 0.12))
    (fp_line (start -2.56 3.51) (end 10.06 3.51) (layer F.SilkS) (width 0.12))
    (fp_line (start 10.06 3.51) (end 10.06 -2.46) (layer F.SilkS) (width 0.12))
    (fp_line (start 10.06 -2.46) (end -2.56 -2.46) (layer F.SilkS) (width 0.12))
    (fp_line (start -2.95 -2.85) (end -2.95 3.9) (layer F.CrtYd) (width 0.05))
    (fp_line (start -2.95 3.9) (end 10.45 3.9) (layer F.CrtYd) (width 0.05))
    (fp_line (start 10.45 3.9) (end 10.45 -2.85) (layer F.CrtYd) (width 0.05))
    (fp_line (start 10.45 -2.85) (end -2.95 -2.85) (layer F.CrtYd) (width 0.05))
    (fp_line (start -0.625 -2.35) (end 0 -1.35) (layer F.Fab) (width 0.1))
    (fp_line (start 0 -1.35) (end 0.625 -2.35) (layer F.Fab) (width 0.1))
    (fp_line (start 0.75 -2.45) (end 0.75 -1.7) (layer F.SilkS) (width 0.12))
    (fp_line (start 0.75 -1.7) (end 6.75 -1.7) (layer F.SilkS) (width 0.12))
    (fp_line (start 6.75 -1.7) (end 6.75 -2.45) (layer F.SilkS) (width 0.12))
    (fp_line (start 6.75 -2.45) (end 0.75 -2.45) (layer F.SilkS) (width 0.12))
    (fp_line (start -2.55 -2.45) (end -2.55 -1.7) (layer F.SilkS) (width 0.12))
    (fp_line (start -2.55 -1.7) (end -0.75 -1.7) (layer F.SilkS) (width 0.12))
    (fp_line (start -0.75 -1.7) (end -0.75 -2.45) (layer F.SilkS) (width 0.12))
    (fp_line (start -0.75 -2.45) (end -2.55 -2.45) (layer F.SilkS) (width 0.12))
    (fp_line (start 8.25 -2.45) (end 8.25 -1.7) (layer F.SilkS) (width 0.12))
    (fp_line (start 8.25 -1.7) (end 10.05 -1.7) (layer F.SilkS) (width 0.12))
    (fp_line (start 10.05 -1.7) (end 10.05 -2.45) (layer F.SilkS) (width 0.12))
    (fp_line (start 10.05 -2.45) (end 8.25 -2.45) (layer F.SilkS) (width 0.12))
    (fp_line (start -2.55 -0.2) (end -1.8 -0.2) (layer F.SilkS) (width 0.12))
    (fp_line (start -1.8 -0.2) (end -1.8 2.75) (layer F.SilkS) (width 0.12))
    (fp_line (start -1.8 2.75) (end 3.75 2.75) (layer F.SilkS) (width 0.12))
    (fp_line (start 10.05 -0.2) (end 9.3 -0.2) (layer F.SilkS) (width 0.12))
    (fp_line (start 9.3 -0.2) (end 9.3 2.75) (layer F.SilkS) (width 0.12))
    (fp_line (start 9.3 2.75) (end 3.75 2.75) (layer F.SilkS) (width 0.12))
    (fp_line (start -1.6 -2.75) (end -2.85 -2.75) (layer F.SilkS) (width 0.12))
    (fp_line (start -2.85 -2.75) (end -2.85 -1.5) (layer F.SilkS) (width 0.12))
    (fp_text user %R (at 3.75 2.7) (layer F.Fab)
      (effects (font (size 1 1) (thickness 0.15)))
    )
    (pad 1 thru_hole rect (at 0 0) (size 1.7 1.95) (drill 0.95) (layers *.Cu *.Mask)
      (net 2 +15V))
    (pad 2 thru_hole oval (at 2.5 0) (size 1.7 1.95) (drill 0.95) (layers *.Cu *.Mask)
      (net 63 "Net-(C5-Pad1)"))
    (pad 3 thru_hole oval (at 5 0) (size 1.7 1.95) (drill 0.95) (layers *.Cu *.Mask)
      (net 65 "Net-(C7-Pad1)"))
    (pad 4 thru_hole oval (at 7.5 0) (size 1.7 1.95) (drill 0.95) (layers *.Cu *.Mask)
      (net 1 GND))
    (model ${KISYS3DMOD}/Connector_JST.3dshapes/JST_XH_B04B-XH-A_1x04_P2.50mm_Vertical.wrl
      (at (xyz 0 0 0))
      (scale (xyz 1 1 1))
      (rotate (xyz 0 0 0))
    )
  )

